0.299387991428
0.411832004786
0.284346997738
0.385616004467
0.407824993134
0.37677899003
0.367430001497
0.332195997238
0.381469994783
0.260078012943
0.450767993927
0.333669990301
0.370472997427
0.282409995794
0.282164007425
0.255490988493
0.376738995314
0.364993005991
0.337462007999
0.462740987539
0.3487649858
0.387295991182
0.30098798871
0.285259991884
0.328606009483
0.370445996523
0.312996000051
0.368692010641
0.376892000437
0.313192993402
0.369477003813
0.337581992149
0.261388003826
0.367550998926
0.337862014771
0.407270997763
0.510693013668
0.408380001783
0.371241986752
0.332190990448
0.338945001364
0.406713992357
0.369843006134
0.360693007708
0.253740012646
0.350042998791
0.333967000246
0.394021987915
0.298830986023
0.285414010286
0.371432006359
0.417492985725
0.422861993313
0.257335990667
0.331894993782
0.352726012468
0.405660003424
0.460853993893
0.363548010588
0.378360003233
0.418601006269
0.411235004663
0.378535985947
0.418480992317
0.37953299284
0.29833599925
0.42861199379
0.425814986229
0.320569992065
0.257598996162
0.351242005825
0.394793003798
0.386283010244
0.278557986021
0.330110013485
0.41835001111
0.352800011635
0.328819006681
0.313210010529
0.485846996307
0.280593007803
0.407595008612
0.38051700592
0.285737007856
0.328135997057
0.334237992764
0.300990998745
0.424980998039
0.289427995682
0.30812600255
0.350035995245
0.45506298542
0.319720000029
0.328260987997
0.260030001402
0.360574007034
0.478953003883
0.425785005093
0.343722999096
0.382719010115
0.356384009123
0.333640992641
0.414427012205
0.379346996546
0.406138986349
0.306964993477
0.339551985264
0.299425989389
0.447512000799
0.37969198823
0.278093993664
0.313210994005
0.430761009455
0.363611996174
0.307325005531
0.394176989794
0.338582009077
0.384470999241
0.269834011793
0.397998005152
0.406091988087
0.396297007799
0.367107003927
0.487394988537
0.423792988062
0.29920399189
0.322815001011
0.404388993979
0.325064986944
0.359620004892
0.303763985634
0.418651014566
0.405167996883
0.39042198658
0.321458011866
0.255041003227
0.354728996754
0.295834004879
0.39653301239
0.351505994797
0.498356997967
0.393711000681
0.346646994352
0.268352985382
0.310786008835
0.428728014231
0.380396991968
0.456766992807
0.30621099472
0.272424995899
0.391099989414
0.387726992369
0.293880999088
0.261013001204
0.346659988165
0.424932003021
0.252965003252
0.395191013813
0.441931992769
0.417528986931
0.350203990936
0.377671986818
0.395018011332
0.329089999199
0.362073004246
0.355991005898
0.327791005373
0.292313009501
0.357327997684
0.421988993883
0.334657996893
0.339038014412
0.350881010294
0.357957005501
0.307622998953
0.317681998014
0.289766013622
0.415037989616
0.437779009342
0.403209000826
0.321518003941
0.391369998455
0.294456005096
0.30933201313
0.423366010189
0.344848006964
0.383269995451
0.348215997219
0.383720010519
0.370992988348
0.358777999878
0.322717994452
0.316069990396
0.406244009733
0.435088992119
0.405923992395
0.408706992865
0.40459099412
0.27203899622
0.425956994295
0.348776996136
0.492882013321
0.285142987967
0.380894005299
0.28731700778
0.287757009268
0.389566987753
0.412137985229
0.303393989801
0.296938985586
0.399742007256
0.29736700654
0.301077008247
0.35295599699
0.381691008806
0.268631994724
0.417207986116
0.280865997076
0.371517986059
0.400806993246
0.368813991547
0.263606995344
0.380822986364
0.392643988132
0.281466990709
0.388572007418
0.291904985905
0.324555009604
0.433295994997
0.43697398901
0.390056014061
0.314390003681
0.32264098525
0.283643990755
0.387021005154
0.379855006933
0.423752009869
0.36601999402
0.387544989586
0.3572050035
0.382820010185
0.379507005215
0.274913012981
0.277173012495
0.374742001295
0.317768990993
0.288195014
0.355542987585
0.527912974358
0.33996000886
0.316583991051
0.349040985107
0.399823993444
0.377047002316
0.376769989729
0.390897005796
0.326200008392
0.250438988209
0.381862014532
0.265179008245
0.423584997654
0.412261992693
0.354335010052
0.35886400938
0.369044989347
0.367121011019
0.294945001602
0.396346986294
0.456156998873
0.438519001007
0.322640001774
0.390082001686
0.46846100688
0.321976006031
0.343207985163
0.444606989622
0.353529989719
0.263612985611
0.342584997416
0.290807008743
0.3603489995
0.438210010529
0.315364003181
0.423168003559
0.291000008583
0.423615008593
0.301721006632
0.325661987066
0.395103991032
0.401722997427
0.378674000502
0.25716599822
0.318475991488
0.40817001462
0.36088898778
0.30900400877
0.295937001705
0.366189002991
0.400321990252
0.385217010975
0.372229009867
0.395897001028
0.331990003586
0.368277996778
0.256464987993
0.477705001831
0.337787985802
0.43841201067
0.311610013247
0.421245992184
0.43047401309
0.33855599165
0.3453130126
0.314314007759
0.405833005905
0.288412004709
0.296817988157
0.410618007183
0.302058011293
0.306091010571
0.29181098938
0.331425994635
0.363178998232
0.341464012861
0.405335992575
0.378176987171
0.376590013504
0.37513500452
0.292320013046
0.357418000698
0.331963002682
0.375595986843
0.308225989342
0.252449005842
0.262672990561
0.350380986929
0.343474000692
0.394713997841
0.448522001505
0.261287003756
0.33095100522
0.300220996141
0.393281012774
0.407492995262
0.400260001421
0.280651003122
0.398355990648
0.436251997948
0.357726991177
0.288251012564
0.461470991373
0.412468999624
0.282642006874
0.403234988451
0.34572699666
0.418619990349
0.273782998323
0.253313988447
0.328624993563
0.41905400157
0.324766010046
0.278643995523
0.37821701169
0.321236997843
0.383805006742
0.327583998442
0.383100986481
0.517925977707
0.328644990921
0.401479005814
0.391957014799
0.305332005024
0.384853005409
0.296521008015
0.295857012272
0.378298014402
0.400092989206
0.317184001207
0.312422007322
0.343580007553
0.380854010582
0.337956994772
0.307734012604
0.355439990759
0.387475013733
0.314078003168
0.434033989906
0.42424300313
0.389360010624
0.349880993366
0.36284199357
0.333746999502
0.424347013235
0.36069598794
0.38492500782
0.389683991671
0.313975006342
0.437806010246
0.311700999737
0.266171991825
0.362946987152
0.458368986845
0.299575001001
0.356016010046
0.396719008684
0.371188998222
0.351361989975
0.355857014656
0.253845989704
0.364042013884
0.329685986042
0.287090986967
0.391683012247
0.271515995264
0.295213013887
0.395310014486
0.41868698597
0.301326990128
0.354097008705
0.299506992102
0.261839002371
0.25019800663
0.365584999323
0.387914985418
0.33680999279
0.272013008595
0.331961005926
0.464201003313
0.408547997475
0.393487006426
0.411415994167
0.454232007265
0.422675013542
0.290960013866
0.389019012451
0.414175003767
0.429692000151
0.388924002647
0.404973000288
0.307514995337
0.348870992661
0.427204996347
0.352142989635
0.284857988358
0.298303991556
0.419604003429
0.383484989405
0.288601994514
0.341347008944
0.408372998238
0.356656998396
0.320320010185
0.36022400856
0.277658998966
0.27015799284
0.341102987528
0.372956007719
0.445338010788
0.340678006411
0.346648007631
0.27856901288
0.345322996378
0.349604994059
0.327800989151
0.250665009022
0.265092998743
0.401289999485
0.362758994102
0.414534986019
0.366667985916
0.318318992853
0.312373012304
0.424156010151
0.411677986383
0.28406599164
0.389450013638
0.364683002234
0.287355005741
0.473461985588
0.35500100255
0.345346003771
0.2538869977
0.25187599659
0.355304986238
0.398295998573
0.300713986158
0.349151998758
0.37616699934
0.362823992968
0.341145992279
0.295680999756
0.365162998438
0.406506985426
0.370967000723
0.375593990088
0.393272012472
0.296413987875
0.32477799058
0.458258002996
0.354651987553
0.286464989185
0.379997998476
0.308443009853
0.279769986868
0.3126539886
0.291476994753
0.39911198616
0.326748013496
0.336297005415
0.373676002026
0.375203996897
0.31985899806
0.28539198637
0.399926990271
0.334053009748
0.252281010151
0.304753988981
0.42776799202
0.285355001688
0.423492014408
0.356267988682
0.376269996166
0.447504013777
0.32240998745
0.341282993555
0.312934011221
0.349375009537
0.399953007698
0.283627986908
0.352467000484
0.388260990381
0.513067007065
0.335709005594
0.406655997038
0.378488987684
0.376376003027
0.458211004734
0.510635018349
0.360942989588
0.332998991013
0.30631300807
0.359798997641
0.341764003038
0.353552013636
0.338510006666
0.423267990351
0.291231989861
0.425469994545
0.401892989874
0.287842005491
0.371235013008
0.330989003181
0.286520004272
0.306203007698
0.366973996162
0.475995987654
0.266858994961
0.384267002344
0.263877004385
0.465144991875
0.420632004738
0.486918985844
0.293727010489
0.365417003632
0.441080987453
0.377851992846
0.468861013651
0.385863006115
0.371389001608
0.393292993307
0.467388004065
0.300565004349
0.364210009575
0.313971996307
0.317057013512
0.332619994879
0.250005990267
0.287070006132
0.359834998846
0.404848992825
0.386491000652
0.336066007614
0.371989995241
0.444595009089
0.406251013279
0.256711006165
0.421236991882
0.374965012074
0.357859998941
0.401302993298
0.417028009892
0.369672000408
0.335352987051
0.357037007809
0.391761988401
0.429138988256
0.299986004829
0.339740008116
0.266909003258
0.355497986078
0.298175990582
0.282885998487
0.32027900219
0.282409995794
0.331588000059
0.307473003864
0.382939010859
0.296335995197
0.416741013527
0.376067996025
0.327969998121
0.350122004747
0.277835994959
0.378125011921
0.301156014204
0.326139986515
0.280467003584
0.315257012844
0.351696014404
0.307648986578
0.297475010157
0.349855005741
0.352504998446
0.302866011858
0.377187997103
0.401968985796
0.389288008213
0.388375997543
0.26243698597
0.381828993559
0.252851992846
0.355372011662
0.282305002213
0.279478996992
0.293844014406
0.320172011852
0.255210012197
0.266081005335
0.31029599905
0.293664991856
0.328451991081
0.355174005032
0.325953990221
0.275200009346
0.257061004639
0.39049500227
0.2988910079
0.333099991083
0.321061998606
0.282564014196
0.370344012976
0.306230008602
0.302823990583
0.278490006924
0.373486995697
0.432628005743
0.307900995016
0.413049995899
0.283989995718
0.322142988443
0.328758001328
0.29151698947
0.333743989468
0.311563998461
0.357495993376
0.338220000267
0.261126995087
0.300047010183
0.299629986286
0.325502991676
0.386831998825
0.449918985367
0.311482012272
0.251251995564
0.252263009548
