0.040093999356
0.040093999356
0.040093999356
0.040093999356
0.040093999356
0.040093999356
0.040093999356
0.040093999356
0.040093999356
0.040093999356
0.040093999356
0.040093999356
0.040093999356
0.040093999356
0.040093999356
0.040093999356
0.040093999356
0.040093999356
0.040093999356
0.040093999356
0.040093999356
0.040093999356
0.040093999356
0.0526980012655
0.040093999356
0.040093999356
0.040093999356
0.040093999356
0.040093999356
0.040093999356
0.040093999356
0.040093999356
0.040093999356
0.040093999356
0.040093999356
0.040093999356
0.040093999356
0.0366719998419
0.040093999356
0.040093999356
0.040093999356
0.040093999356
0.040093999356
0.040093999356
0.040093999356
0.040093999356
0.040093999356
0.040093999356
0.040093999356
0.040093999356
0.040093999356
0.040093999356
0.040093999356
0.040093999356
0.040093999356
0.040093999356
0.040093999356
0.040093999356
0.040093999356
0.040093999356
0.040093999356
0.040093999356
0.040093999356
0.040093999356
0.040093999356
0.040093999356
0.040093999356
0.040093999356
0.040093999356
0.040093999356
0.040093999356
0.0326469987631
0.040093999356
0.040093999356
0.040093999356
0.040093999356
0.040093999356
0.040093999356
0.040093999356
0.040093999356
0.040093999356
0.040093999356
0.0371679998934
0.040093999356
0.040093999356
0.040093999356
0.040093999356
0.040093999356
0.040093999356
0.040093999356
0.040093999356
0.040093999356
0.040093999356
0.040093999356
0.040093999356
0.040093999356
0.040093999356
0.040093999356
0.040093999356
0.040093999356
0.040093999356
0.040093999356
0.040093999356
0.040093999356
0.040093999356
0.040093999356
0.040093999356
0.040093999356
0.040093999356
0.040093999356
0.040093999356
0.040093999356
0.040093999356
0.040093999356
0.040093999356
0.040093999356
0.040093999356
0.040093999356
0.040093999356
0.040093999356
0.040093999356
0.040093999356
0.040093999356
0.040093999356
0.040093999356
0.040093999356
0.040093999356
0.040093999356
0.040093999356
0.040093999356
0.040093999356
0.040093999356
0.040093999356
0.040093999356
0.040093999356
0.0414870008826
0.040093999356
0.040093999356
0.040093999356
0.040093999356
0.040093999356
0.040093999356
0.040093999356
0.040093999356
0.040093999356
0.040093999356
0.040093999356
0.040093999356
0.040093999356
0.040093999356
0.040093999356
0.040093999356
0.040093999356
0.040093999356
0.040093999356
0.040093999356
0.040093999356
0.040093999356
0.040093999356
0.040093999356
0.040093999356
0.040093999356
0.040093999356
0.040093999356
0.040093999356
0.040093999356
0.040093999356
0.040093999356
0.040093999356
0.040093999356
0.040093999356
0.040093999356
0.040093999356
0.040093999356
0.040093999356
0.040093999356
0.040093999356
0.040093999356
0.040093999356
0.040093999356
0.040093999356
0.0422590002418
0.040093999356
0.040093999356
0.040093999356
0.040093999356
0.040093999356
0.040093999356
0.040093999356
0.040093999356
0.040093999356
0.040093999356
0.040093999356
0.040093999356
0.040093999356
0.040093999356
0.040093999356
0.040093999356
0.040093999356
0.040093999356
0.040093999356
0.040093999356
0.040093999356
0.040093999356
0.040093999356
0.040093999356
0.040093999356
0.040093999356
0.040093999356
0.040093999356
0.040093999356
0.040093999356
0.040093999356
0.040093999356
0.040093999356
0.040093999356
0.040093999356
0.040093999356
0.040093999356
0.040093999356
0.040093999356
0.040093999356
0.040093999356
0.040093999356
0.040093999356
0.040093999356
0.040093999356
0.040093999356
0.040093999356
0.040093999356
0.040093999356
0.040093999356
0.040093999356
0.040093999356
0.040093999356
0.040093999356
0.040093999356
0.040093999356
0.040093999356
0.040093999356
0.040093999356
0.040093999356
0.040093999356
0.040093999356
0.040093999356
0.040093999356
0.040093999356
0.040093999356
0.040093999356
0.040093999356
0.040093999356
0.040093999356
0.040093999356
0.040093999356
0.040093999356
0.040093999356
0.040093999356
0.040093999356
0.040093999356
0.040093999356
0.040093999356
0.040093999356
0.040093999356
0.040093999356
0.040093999356
0.040093999356
0.040093999356
0.040093999356
0.040093999356
0.040093999356
0.040093999356
0.040093999356
0.040093999356
0.040093999356
0.040093999356
0.040093999356
0.040093999356
0.040093999356
0.040093999356
0.040093999356
0.040093999356
0.040093999356
0.040093999356
0.040093999356
0.040093999356
0.040093999356
0.040093999356
0.040093999356
0.040093999356
0.040093999356
0.040093999356
0.040093999356
0.040093999356
0.040093999356
0.040093999356
0.040093999356
0.040093999356
0.040093999356
0.040093999356
0.040093999356
0.040093999356
0.040093999356
0.040093999356
0.040093999356
0.040093999356
0.040093999356
0.040093999356
0.040093999356
0.040093999356
0.040093999356
0.040093999356
0.040093999356
0.0400950014591
0.040093999356
0.040093999356
0.040093999356
0.040093999356
0.040093999356
0.040093999356
0.040093999356
0.040093999356
0.040093999356
0.040093999356
0.040093999356
0.040093999356
0.040093999356
0.040093999356
0.040093999356
0.040093999356
0.040093999356
0.040093999356
0.040093999356
0.040093999356
0.0400950014591
0.040093999356
0.040093999356
0.040093999356
0.040093999356
0.040093999356
0.0400950014591
0.0400950014591
0.040093999356
0.040093999356
0.040093999356
0.040093999356
0.040093999356
0.040093999356
0.040093999356
0.040093999356
0.040093999356
0.0483769997954
0.040093999356
0.040093999356
0.040093999356
0.0391339994967
0.040093999356
0.040093999356
0.0391339994967
0.040093999356
0.040093999356
0.040093999356
0.040093999356
0.040093999356
0.040093999356
0.0400950014591
0.0400950014591
0.040093999356
0.040093999356
0.040093999356
0.040093999356
0.040093999356
0.040093999356
0.040093999356
0.040093999356
0.040093999356
0.040093999356
0.0391339994967
0.0426689982414
0.0391339994967
0.0391339994967
0.0391339994967
0.0391339994967
0.0391339994967
0.040093999356
0.040093999356
0.040093999356
0.0400950014591
0.0400950014591
0.0400950014591
0.040093999356
0.040093999356
0.040093999356
0.040093999356
0.040093999356
0.040093999356
0.040093999356
0.040093999356
0.040093999356
0.040093999356
0.040093999356
0.040093999356
0.040093999356
0.040093999356
0.040093999356
0.0391339994967
0.0412129983306
0.0391339994967
0.040093999356
0.040093999356
0.0400950014591
0.0400950014591
0.0400950014591
0.0400950014591
0.040093999356
0.0365549996495
0.0400950014591
0.040093999356
0.040093999356
0.040093999356
0.040093999356
0.040093999356
0.040093999356
0.040093999356
0.040093999356
0.040093999356
0.040093999356
0.040093999356
0.040093999356
0.040093999356
0.040093999356
0.040093999356
0.040093999356
0.040093999356
0.040093999356
0.0391339994967
0.0391339994967
0.0391339994967
0.0391339994967
0.0400950014591
0.0400950014591
0.0400950014591
0.040093999356
0.040093999356
0.040093999356
0.040093999356
0.040093999356
0.040093999356
0.040093999356
0.040093999356
0.040093999356
0.040093999356
0.040093999356
0.040093999356
0.040093999356
0.040093999356
0.040093999356
0.040093999356
0.040093999356
0.040093999356
0.040093999356
0.040093999356
0.040093999356
0.040093999356
0.0391339994967
0.0391339994967
0.0391339994967
0.0391339994967
0.0391339994967
0.0391339994967
0.0400950014591
0.0400950014591
0.040093999356
0.040093999356
0.040093999356
0.040093999356
0.040093999356
0.040093999356
0.040093999356
0.040093999356
0.040093999356
0.040093999356
0.040093999356
0.040093999356
0.040093999356
0.040093999356
0.040093999356
0.040093999356
0.040093999356
0.040093999356
0.040093999356
0.0391339994967
0.0391339994967
0.0391339994967
0.0400950014591
0.0400950014591
0.040093999356
0.040093999356
0.040093999356
0.040093999356
0.040093999356
0.040093999356
0.040093999356
0.040093999356
0.040093999356
0.040093999356
0.040093999356
0.040093999356
0.040093999356
0.040093999356
0.040093999356
0.040093999356
0.040093999356
0.040093999356
0.0391339994967
0.0391339994967
0.0400950014591
0.0400950014591
0.040093999356
0.040093999356
0.040093999356
0.040093999356
0.040093999356
0.040093999356
0.040093999356
0.040093999356
0.040093999356
0.040093999356
0.040093999356
0.040093999356
0.040093999356
0.040093999356
0.040093999356
0.040093999356
0.040093999356
0.040093999356
0.0391339994967
0.0391339994967
0.0391339994967
0.040093999356
0.040093999356
0.040093999356
0.040093999356
0.040093999356
0.040093999356
0.040093999356
0.040093999356
0.040093999356
0.040093999356
0.040093999356
0.040093999356
0.0391339994967
0.0391339994967
0.0400950014591
0.0400950014591
0.0400950014591
0.0400950014591
0.0400950014591
0.040093999356
0.040093999356
0.040093999356
0.040093999356
0.040093999356
0.040093999356
0.040093999356
0.0391339994967
0.0400950014591
0.0732809975743
0.040093999356
0.040093999356
0.040093999356
0.040093999356
0.040093999356
0.040093999356
0.040093999356
0.040093999356
0.0391339994967
0.0391339994967
0.0400950014591
0.0400950014591
0.0400950014591
0.0400950014591
0.040093999356
0.040093999356
0.040093999356
0.040093999356
0.040093999356
0.040093999356
0.0382939986885
0.040093999356
0.040093999356
0.040093999356
0.0391339994967
0.0400950014591
0.0400950014591
0.0400950014591
0.040093999356
0.040093999356
0.040093999356
0.040093999356
0.040093999356
0.0391339994967
0.0391339994967
0.040093999356
0.040093999356
0.040093999356
0.040093999356
0.040093999356
0.040093999356
0.0447699986398
0.040093999356
0.040093999356
0.0391339994967
0.0400950014591
0.0400950014591
0.040093999356
0.040093999356
0.040093999356
0.040093999356
0.040093999356
0.040093999356
0.040093999356
0.040093999356
0.040093999356
0.040093999356
0.0391339994967
0.0391339994967
0.0391339994967
0.040093999356
0.040093999356
0.040093999356
0.040093999356
