2.33827710152
2.33827710152
2.33827710152
2.33827710152
2.33827710152
2.33827710152
2.33827710152
2.33827710152
2.33827710152
2.33827710152
2.33827710152
2.33827710152
2.33827710152
2.33827710152
2.33827710152
2.33827710152
2.33827710152
2.33827710152
2.33827710152
2.33827710152
2.33827710152
2.33827710152
2.33827710152
0.82966697216
2.33827710152
2.33827710152
2.33827710152
2.33827710152
2.33827710152
2.33827710152
2.33827710152
2.33827710152
2.33827710152
2.33827710152
2.33827710152
2.33827710152
2.33827710152
2.31087803841
2.33827710152
2.33827710152
2.33827710152
2.33827710152
2.33827710152
2.33827710152
2.33827710152
2.33827710152
2.33827710152
2.33827710152
2.33827710152
2.33827710152
2.33827710152
2.33827710152
2.33827710152
2.33827710152
2.33827710152
2.33827710152
2.33827710152
2.33827710152
2.33827710152
2.33827710152
2.33827710152
2.33827710152
2.33827710152
2.33827710152
2.33827710152
2.33827710152
2.33827710152
2.33827710152
2.33827710152
2.33827710152
2.33827710152
1.78065800667
2.33827710152
2.33827710152
2.33827710152
2.33827710152
2.33827710152
2.33827710152
2.33827710152
2.33827710152
2.33827710152
2.33827710152
2.17834711075
2.33827710152
2.33827710152
2.33827710152
2.33827710152
2.33827710152
2.33827710152
2.33827710152
2.33827710152
2.33827710152
2.33827710152
2.33827710152
2.33827710152
2.33827710152
2.33827710152
2.33827710152
2.33827710152
2.33827710152
2.33827710152
2.33827710152
2.33827710152
2.33827710152
2.33827710152
2.33827710152
2.33827710152
2.33827710152
2.33827710152
2.33827710152
2.33827710152
2.33827710152
2.33827710152
2.33827710152
2.33827710152
2.33827710152
2.33827710152
2.33827710152
2.33827710152
2.33827710152
2.33827710152
2.33827710152
2.33827710152
2.33827710152
2.33827710152
2.33827710152
2.33827710152
2.33827710152
2.33827710152
2.33827710152
2.33827710152
2.33827710152
2.33827710152
2.33827710152
2.33827710152
0.431553006172
2.33827710152
2.33827710152
2.33827710152
2.33827710152
2.33827710152
2.33827710152
2.33827710152
2.33827710152
2.33827710152
2.33827710152
2.33827710152
2.33827710152
2.33827710152
2.33827710152
2.33827710152
2.33827710152
2.33827710152
2.33827710152
2.33827710152
2.33827710152
2.33827710152
2.33827710152
2.33827710152
2.33827710152
2.33827710152
2.33827710152
2.33827710152
2.33827710152
2.33827710152
2.33827710152
2.33827710152
2.33827710152
2.33827710152
2.33827710152
2.33827710152
2.33827710152
2.33827710152
2.33827710152
2.33827710152
2.33827710152
2.33827710152
2.33827710152
2.33827710152
2.33827710152
2.33827710152
0.831128001213
2.33827710152
2.33827710152
2.33827710152
2.33827710152
2.33827710152
2.33827710152
2.33827710152
2.33827710152
2.33827710152
2.33827710152
2.33827710152
2.33827710152
2.33827710152
2.33827710152
2.33827710152
2.33827710152
2.33827710152
2.33827710152
2.33827710152
2.33827710152
2.33827710152
2.33827710152
2.33827710152
2.33827710152
2.33827710152
2.33827710152
2.33827710152
2.33827710152
2.33827710152
2.33827710152
2.33827710152
2.33827710152
2.33827710152
2.33827710152
2.33827710152
2.33827710152
2.33827710152
2.33827710152
2.33827710152
2.33827710152
2.33827710152
2.33827710152
2.33827710152
2.33827710152
2.33827710152
2.33827710152
2.33827710152
2.33827710152
2.33827710152
2.33827710152
2.33827710152
2.33827710152
2.33827710152
2.33827710152
2.33827710152
2.33827710152
2.33827710152
2.33827710152
2.33827710152
2.33827710152
2.33827710152
2.33827710152
2.33827710152
2.33827710152
2.33827710152
2.33827710152
2.33827710152
2.33827710152
2.33827710152
2.33827710152
2.33827710152
2.33827710152
2.33827710152
2.33827710152
2.33827710152
2.33827710152
2.33827710152
2.33827710152
2.33827710152
2.33827710152
2.33827710152
2.33827710152
2.33827710152
2.33827710152
2.33827710152
2.33827710152
2.33827710152
2.33827710152
2.33827710152
2.33827710152
2.33827710152
2.33827710152
2.33827710152
2.33827710152
2.33827710152
2.33827710152
2.33827710152
2.33827710152
2.33827710152
2.33827710152
2.33827710152
2.33827710152
2.33827710152
2.33827710152
2.33827710152
2.33827710152
2.33827710152
2.33827710152
2.33827710152
2.33827710152
2.33827710152
2.33827710152
2.33827710152
2.33827710152
2.33827710152
2.33827710152
2.33827710152
2.33827710152
2.33827710152
2.33827710152
2.33827710152
2.33827710152
2.33827710152
2.33827710152
2.33827710152
2.33827710152
2.33827710152
2.33827710152
2.33827710152
2.33827710152
2.33833909035
2.33827710152
2.33827710152
2.33827710152
2.33827710152
2.33827710152
2.33827710152
2.33827710152
2.33827710152
2.33827710152
2.33827710152
2.33827710152
2.33827710152
2.33827710152
2.33827710152
2.33827710152
2.33827710152
2.33827710152
2.33827710152
2.33827710152
2.33827710152
2.33833909035
2.33827710152
2.33827710152
2.33827710152
2.33827710152
2.33827710152
2.33833909035
2.33833909035
2.33827710152
2.33827710152
2.33827710152
2.33827710152
2.33827710152
2.33827710152
2.33827710152
2.33827710152
2.33827710152
0.509877026081
2.33827710152
2.33827710152
2.33827710152
2.5192899704
2.33827710152
2.33827710152
2.5192899704
2.33827710152
2.33827710152
2.33827710152
2.33827710152
2.33827710152
2.33827710152
2.33833909035
2.33833909035
2.33827710152
2.33827710152
2.33827710152
2.33827710152
2.33827710152
2.33827710152
2.33827710152
2.33827710152
2.33827710152
2.33827710152
2.5192899704
0.631591022015
2.5192899704
2.5192899704
2.5192899704
2.5192899704
2.5192899704
2.33827710152
2.33827710152
2.33827710152
2.33833909035
2.33833909035
2.33833909035
2.33827710152
2.33827710152
2.33827710152
2.33827710152
2.33827710152
2.33827710152
2.33827710152
2.33827710152
2.33827710152
2.33827710152
2.33827710152
2.33827710152
2.33827710152
2.33827710152
2.33827710152
2.5192899704
0.609089016914
2.5192899704
2.33827710152
2.33827710152
2.33833909035
2.33833909035
2.33833909035
2.33833909035
2.33827710152
1.96885097027
2.33833909035
2.33827710152
2.33827710152
2.33827710152
2.33827710152
2.33827710152
2.33827710152
2.33827710152
2.33827710152
2.33827710152
2.33827710152
2.33827710152
2.33827710152
2.33827710152
2.33827710152
2.33827710152
2.33827710152
2.33827710152
2.33827710152
2.5192899704
2.5192899704
2.5192899704
2.5192899704
2.33833909035
2.33833909035
2.33833909035
2.33827710152
2.33827710152
2.33827710152
2.33827710152
2.33827710152
2.33827710152
2.33827710152
2.33827710152
2.33827710152
2.33827710152
2.33827710152
2.33827710152
2.33827710152
2.33827710152
2.33827710152
2.33827710152
2.33827710152
2.33827710152
2.33827710152
2.33827710152
2.33827710152
2.33827710152
2.5192899704
2.5192899704
2.5192899704
2.5192899704
2.5192899704
2.5192899704
2.33833909035
2.33833909035
2.33827710152
2.33827710152
2.33827710152
2.33827710152
2.33827710152
2.33827710152
2.33827710152
2.33827710152
2.33827710152
2.33827710152
2.33827710152
2.33827710152
2.33827710152
2.33827710152
2.33827710152
2.33827710152
2.33827710152
2.33827710152
2.33827710152
2.5192899704
2.5192899704
2.5192899704
2.33833909035
2.33833909035
2.33827710152
2.33827710152
2.33827710152
2.33827710152
2.33827710152
2.33827710152
2.33827710152
2.33827710152
2.33827710152
2.33827710152
2.33827710152
2.33827710152
2.33827710152
2.33827710152
2.33827710152
2.33827710152
2.33827710152
2.33827710152
2.5192899704
2.5192899704
2.33833909035
2.33833909035
2.33827710152
2.33827710152
2.33827710152
2.33827710152
2.33827710152
2.33827710152
2.33827710152
2.33827710152
2.33827710152
2.33827710152
2.33827710152
2.33827710152
2.33827710152
2.33827710152
2.33827710152
2.33827710152
2.33827710152
2.33827710152
2.5192899704
2.5192899704
2.5192899704
2.33827710152
2.33827710152
2.33827710152
2.33827710152
2.33827710152
2.33827710152
2.33827710152
2.33827710152
2.33827710152
2.33827710152
2.33827710152
2.33827710152
2.5192899704
2.5192899704
2.33833909035
2.33833909035
2.33833909035
2.33833909035
2.33833909035
2.33827710152
2.33827710152
2.33827710152
2.33827710152
2.33827710152
2.33827710152
2.33827710152
2.5192899704
2.33833909035
0.764154016972
2.33827710152
2.33827710152
2.33827710152
2.33827710152
2.33827710152
2.33827710152
2.33827710152
2.33827710152
2.5192899704
2.5192899704
2.33833909035
2.33833909035
2.33833909035
2.33833909035
2.33827710152
2.33827710152
2.33827710152
2.33827710152
2.33827710152
2.33827710152
0.848048985004
2.33827710152
2.33827710152
2.33827710152
2.5192899704
2.33833909035
2.33833909035
2.33833909035
2.33827710152
2.33827710152
2.33827710152
2.33827710152
2.33827710152
2.5192899704
2.5192899704
2.33827710152
2.33827710152
2.33827710152
2.33827710152
2.33827710152
2.33827710152
0.612923979759
2.33827710152
2.33827710152
2.5192899704
2.33833909035
2.33833909035
2.33827710152
2.33827710152
2.33827710152
2.33827710152
2.33827710152
2.33827710152
2.33827710152
2.33827710152
2.33827710152
2.33827710152
2.5192899704
2.5192899704
2.5192899704
2.33827710152
2.33827710152
2.33827710152
2.33827710152
