0.208979003131
0.208979003131
0.208979003131
0.208979003131
0.208979003131
0.208979003131
0.200399503112
0.200399503112
0.200399503112
0.200399503112
0.200399503112
0.200399503112
0.200399503112
0.204003497958
0.204003497958
0.204003497958
0.204003497958
0.204003497958
0.204003497958
0.204003497958
0.204003497958
0.204003497958
0.204003497958
0.204003497958
0.204003497958
0.204003497958
0.204003497958
0.204003497958
0.204003497958
0.204003497958
0.204003497958
0.204003497958
0.204003497958
0.204003497958
0.227771498263
0.204003497958
0.227771498263
0.227771498263
0.200191996992
0.227771498263
0.227771498263
0.227771498263
0.227771498263
0.227771498263
0.227771498263
0.227771498263
0.227771498263
0.227771498263
0.243275493383
0.227771498263
0.20772600174
0.243275493383
0.243275493383
0.243275493383
0.243275493383
0.243275493383
0.243275493383
0.243275493383
0.243275493383
0.243275493383
0.243275493383
0.243275493383
0.243275493383
0.243275493383
0.243275493383
0.243275493383
0.243275493383
0.243275493383
0.243275493383
0.243275493383
0.257305495441
0.257305495441
0.257305495441
0.269814498723
0.269814498723
0.257305495441
0.257305495441
0.217334505171
0.217334505171
0.217334505171
0.217334505171
0.217334505171
0.217334505171
0.217334505171
0.217334505171
0.217334505171
0.217334505171
0.214218005538
0.214218005538
0.214218005538
0.214218005538
0.214218005538
0.214218005538
0.214218005538
0.214218005538
0.214218005538
0.214218005538
0.214218005538
0.214218005538
0.214218005538
0.214218005538
0.214218005538
0.214218005538
0.214218005538
0.214218005538
0.214218005538
0.214218005538
0.214218005538
0.214218005538
0.214218005538
0.214218005538
0.214218005538
0.214218005538
0.214218005538
0.214218005538
0.214218005538
0.214218005538
0.214218005538
0.214218005538
0.214218005538
0.214218005538
0.214218005538
0.214218005538
0.214218005538
0.221117001027
0.221117001027
0.221117001027
0.221117001027
0.221117001027
0.221117001027
0.221117001027
0.221117001027
0.221117001027
0.221117001027
0.221117001027
0.221117001027
0.221117001027
0.221117001027
0.221117001027
0.221117001027
0.221117001027
0.221117001027
0.221117001027
0.221117001027
0.221117001027
0.221117001027
0.221117001027
0.221117001027
0.221117001027
0.221117001027
0.221117001027
0.221117001027
0.221117001027
0.221117001027
0.221117001027
0.221117001027
0.221117001027
0.221117001027
0.221117001027
0.221117001027
0.221117001027
0.221117001027
0.221117001027
0.221117001027
0.221117001027
0.221117001027
0.221117001027
0.221117001027
0.221117001027
0.221117001027
0.221117001027
0.221117001027
0.221117001027
0.221117001027
0.221117001027
0.221140999347
0.221117001027
0.221117001027
0.221117001027
0.221117001027
0.221117001027
0.221117001027
0.221117001027
0.221117001027
0.212565496564
0.221140999347
0.221140999347
0.221140999347
0.221140999347
0.212565496564
0.221117001027
0.221117001027
0.221117001027
0.221117001027
0.221117001027
0.221140999347
0.221117001027
0.221140999347
0.221140999347
0.212565496564
0.221117001027
0.221117001027
0.22113500163
0.221117001027
0.221117001027
0.221117001027
0.221117001027
0.221117001027
0.221117001027
0.221140999347
0.221140999347
0.221140999347
0.212565496564
0.22113500163
0.221117001027
0.221117001027
0.221117001027
0.221117001027
0.221117001027
0.221140999347
0.221117001027
0.221140999347
0.212565496564
0.22113500163
0.22113500163
0.221117001027
0.221117001027
0.221117001027
0.221117001027
0.221117001027
0.221117001027
0.221140999347
0.221571501344
0.212565496564
0.22113500163
0.22113500163
0.221117001027
0.221117001027
0.221117001027
0.221571501344
0.221140999347
0.221140999347
0.212565496564
0.22113500163
0.221117001027
0.221571501344
0.221140999347
0.221140999347
0.221140999347
0.221140999347
0.221140999347
0.221140999347
0.212565496564
0.22113500163
0.22113500163
0.22113500163
0.221117001027
0.221117001027
0.221117001027
0.221571501344
0.221140999347
0.212565496564
0.22113500163
0.22113500163
0.22113500163
0.22113500163
0.221117001027
0.221117001027
0.212565496564
0.22113500163
0.22113500163
0.221138499677
0.221117001027
0.221117001027
0.221117001027
0.221117001027
0.221117001027
0.221117001027
0.221138499677
0.212565496564
0.22113500163
0.22113500163
0.22113500163
0.221117001027
0.221117001027
0.221138499677
0.212565496564
0.221117001027
0.221117001027
0.221117001027
0.22113500163
0.212565496564
0.221117001027
0.221117001027
0.221117001027
0.221117001027
0.221117001027
0.22113500163
0.212565496564
0.221117001027
0.221117001027
0.212565496564
0.221117001027
0.221117001027
0.221117001027
0.221117001027
0.212565496564
0.221117001027
0.221117001027
0.221117001027
0.221117001027
0.221117001027
0.221117001027
0.221117001027
0.221117001027
0.212356500328
0.212356500328
0.212356500328
0.212356500328
0.212356500328
0.212356500328
0.212356500328
0.212356500328
0.212356500328
0.212356500328
0.212356500328
0.212356500328
0.212356500328
0.214712493122
0.212356500328
0.212356500328
0.212356500328
0.211572501808
0.214712493122
0.214712493122
0.214712493122
0.214712493122
0.214712493122
0.214712493122
0.214712493122
0.214712493122
0.214712493122
0.203085005283
0.203085005283
0.203085005283
0.203085005283
0.203085005283
0.203085005283
0.203085005283
0.203085005283
0.203085005283
0.203085005283
0.203085005283
0.203085005283
0.203085005283
0.203085005283
0.203085005283
0.203085005283
0.203085005283
0.203085005283
0.203085005283
0.203085005283
0.203085005283
0.203085005283
0.203209497035
0.203085005283
0.203085005283
0.203085005283
0.203085005283
0.203085005283
0.203209497035
0.203085005283
0.203085005283
0.203085005283
0.203085005283
0.203085005283
0.203209497035
0.203085005283
0.203085005283
0.203085005283
0.203085005283
0.203085005283
0.203209497035
0.203085005283
0.203085005283
0.203085005283
0.203209497035
0.203085005283
0.203085005283
0.203085005283
0.203085005283
0.203085005283
0.203209497035
0.203085005283
0.203085005283
0.203085005283
0.203085005283
0.203085005283
0.203085005283
0.203209497035
0.203085005283
0.203085005283
0.203085005283
0.203209497035
0.203085005283
0.203085005283
0.203085005283
0.203085005283
0.203209497035
0.203085005283
0.203085005283
0.203209497035
0.203085005283
0.203085005283
0.209741506726
0.203085005283
0.209741506726
0.209741506726
0.209741506726
0.209741506726
0.209741506726
0.209741506726
0.209741506726
0.209741506726
0.209741506726
0.209741506726
0.209741506726
0.209741506726
0.209741506726
0.209741506726
0.209741506726
0.209741506726
0.209741506726
0.209741506726
0.209741506726
0.209741506726
0.209741506726
0.209741506726
0.209741506726
0.209741506726
0.209741506726
0.209741506726
0.209741506726
0.209741506726
0.209741506726
0.209741506726
0.209741506726
0.209741506726
0.209741506726
0.209741506726
0.209741506726
0.209741506726
0.209741506726
0.209741506726
0.209741506726
0.209741506726
0.209741506726
0.209741506726
0.209741506726
0.243478503078
0.387413002551
0.387413002551
0.387413002551
0.468553487211
0.387413002551
0.468553487211
0.468553487211
0.468553487211
0.468553487211
0.468553487211
0.468553487211
0.468553487211
0.468553487211
0.468553487211
0.468553487211
0.468553487211
0.468553487211
0.468553487211
0.468553487211
0.468553487211
0.468553487211
0.468553487211
0.468553487211
0.468553487211
0.468553487211
0.468553487211
0.468553487211
0.458583507687
0.468553487211
0.468553487211
0.468553487211
0.468553487211
0.468553487211
0.468553487211
0.468553487211
0.325430514291
0.468553487211
0.468553487211
0.244287502021
0.244287502021
0.244287502021
0.244287502021
0.244287502021
0.244287502021
0.244287502021
0.244287502021
0.244287502021
0.244287502021
0.244287502021
0.244287502021
0.244287502021
0.244287502021
0.244287502021
0.244287502021
0.244287502021
0.244287502021
0.244287502021
0.244287502021
0.244287502021
0.244287502021
0.244287502021
0.244287502021
0.244287502021
0.282734006643
0.244287502021
0.244287502021
0.244287502021
0.244287502021
0.244287502021
0.244287502021
0.244287502021
0.244287502021
0.244287502021
0.244287502021
0.282734006643
0.244287502021
0.244287502021
0.244287502021
0.244287502021
0.244287502021
0.244287502021
0.244287502021
0.244287502021
0.244287502021
0.244287502021
0.244287502021
0.244287502021
0.282734006643
0.282734006643
0.244287502021
0.244287502021
0.244287502021
0.244287502021
0.244287502021
0.244287502021
0.244287502021
0.244287502021
0.244287502021
0.244287502021
0.282734006643
0.244287502021
0.244287502021
0.244287502021
0.244287502021
0.244287502021
0.244287502021
0.244287502021
0.244287502021
0.282734006643
0.282734006643
0.282734006643
0.282734006643
0.244287502021
0.244287502021
0.244287502021
0.244287502021
0.244287502021
0.244287502021
0.244287502021
0.244287502021
0.244287502021
0.106247499585
