0.113881997764
0.113881997764
0.113881997764
0.113881997764
0.113881997764
0.113881997764
0.113881997764
0.113881997764
0.113881997764
0.113881997764
0.317876011133
0.317876011133
0.317876011133
0.317876011133
0.317876011133
0.317876011133
0.317876011133
0.317876011133
0.317876011133
0.317876011133
0.317876011133
0.317876011133
0.317876011133
0.317876011133
0.317876011133
0.317876011133
0.317876011133
0.317876011133
0.317876011133
0.317876011133
0.317876011133
0.317876011133
0.317876011133
0.317876011133
0.317876011133
0.317876011133
0.317876011133
0.317876011133
0.317876011133
0.317876011133
0.317876011133
0.317876011133
0.317876011133
0.317876011133
0.317876011133
0.317876011133
0.317876011133
0.109306000173
0.109306000173
0.109306000173
0.109306000173
0.109306000173
0.109306000173
0.109306000173
0.109306000173
0.109306000173
0.109306000173
0.109306000173
0.109306000173
0.109306000173
0.109306000173
0.109306000173
0.109306000173
0.109306000173
0.109306000173
0.109306000173
0.109306000173
0.109306000173
0.109306000173
0.109306000173
0.109306000173
0.109306000173
0.109306000173
0.109306000173
0.109306000173
0.109306000173
0.109306000173
0.109306000173
0.109306000173
0.109306000173
0.109306000173
0.109306000173
0.109306000173
0.109306000173
0.109306000173
0.109306000173
0.109306000173
0.109306000173
0.109306000173
0.109306000173
0.109306000173
0.109306000173
0.109306000173
0.109306000173
0.109306000173
0.109306000173
0.109306000173
0.109306000173
0.109353996813
0.109306000173
0.109306000173
0.109306000173
0.109306000173
0.109306000173
0.109306000173
0.109306000173
0.109306000173
0.317380994558
0.109353996813
0.109353996813
0.109353996813
0.109353996813
0.317380994558
0.109306000173
0.109306000173
0.109306000173
0.109306000173
0.109306000173
0.109353996813
0.109306000173
0.109353996813
0.109353996813
0.317380994558
0.109306000173
0.109306000173
0.109342001379
0.109306000173
0.109306000173
0.109306000173
0.109306000173
0.109306000173
0.109306000173
0.109353996813
0.109353996813
0.109353996813
0.317380994558
0.109342001379
0.109306000173
0.109306000173
0.109306000173
0.109306000173
0.109306000173
0.109353996813
0.109306000173
0.109353996813
0.317380994558
0.109342001379
0.109342001379
0.109306000173
0.109306000173
0.109306000173
0.109306000173
0.109306000173
0.109306000173
0.109353996813
0.110215000808
0.317380994558
0.109342001379
0.109342001379
0.109306000173
0.109306000173
0.109306000173
0.110215000808
0.109353996813
0.109353996813
0.317380994558
0.109342001379
0.109306000173
0.110215000808
0.109353996813
0.109353996813
0.109353996813
0.109353996813
0.109353996813
0.109353996813
0.317380994558
0.109342001379
0.109342001379
0.109342001379
0.109306000173
0.109306000173
0.109306000173
0.110215000808
0.109353996813
0.317380994558
0.109342001379
0.109342001379
0.109342001379
0.109342001379
0.109306000173
0.109306000173
0.317380994558
0.109342001379
0.109342001379
0.109348997474
0.109306000173
0.109306000173
0.109306000173
0.109306000173
0.109306000173
0.109306000173
0.109348997474
0.317380994558
0.109342001379
0.109342001379
0.109342001379
0.109306000173
0.109306000173
0.109348997474
0.317380994558
0.109306000173
0.109306000173
0.109306000173
0.109342001379
0.317380994558
0.109306000173
0.109306000173
0.109306000173
0.109306000173
0.109306000173
0.109342001379
0.317380994558
0.109306000173
0.109306000173
0.317380994558
0.109306000173
0.109306000173
0.109306000173
0.109306000173
0.317380994558
0.109306000173
0.109306000173
0.109306000173
0.109306000173
0.109306000173
0.109306000173
0.109306000173
0.109306000173
0.314859002829
0.314859002829
0.314859002829
0.314859002829
0.314859002829
0.314859002829
0.314859002829
0.314859002829
0.314859002829
0.314859002829
0.314859002829
0.314859002829
0.314859002829
0.31547498703
0.314859002829
0.314859002829
0.314859002829
0.307177007198
0.31547498703
0.31547498703
0.31547498703
0.31547498703
0.31547498703
0.31547498703
0.31547498703
0.31547498703
0.31547498703
0.303133010864
0.303133010864
0.303133010864
0.303133010864
0.303133010864
0.303133010864
0.303133010864
0.303133010864
0.303133010864
0.303133010864
0.303133010864
0.303133010864
0.303133010864
0.303133010864
0.303133010864
0.303133010864
0.303133010864
0.303133010864
0.303133010864
0.303133010864
0.303133010864
0.303133010864
0.0925119966269
0.303133010864
0.303133010864
0.303133010864
0.303133010864
0.303133010864
0.0925119966269
0.303133010864
0.303133010864
0.303133010864
0.303133010864
0.303133010864
0.0925119966269
0.303133010864
0.303133010864
0.303133010864
0.303133010864
0.303133010864
0.0925119966269
0.303133010864
0.303133010864
0.303133010864
0.0925119966269
0.303133010864
0.303133010864
0.303133010864
0.303133010864
0.303133010864
0.0925119966269
0.303133010864
0.303133010864
0.303133010864
0.303133010864
0.303133010864
0.303133010864
0.0925119966269
0.303133010864
0.303133010864
0.303133010864
0.0925119966269
0.303133010864
0.303133010864
0.303133010864
0.303133010864
0.0925119966269
0.303133010864
0.303133010864
0.0925119966269
0.303133010864
0.303133010864
0.303133010864
0.303133010864
0.303133010864
0.303133010864
0.303133010864
0.303133010864
0.303133010864
0.303133010864
0.303133010864
0.303133010864
0.303133010864
0.303133010864
0.303133010864
0.303133010864
0.303133010864
0.303133010864
0.303133010864
0.303133010864
0.303133010864
0.303133010864
0.303133010864
0.303133010864
0.303133010864
0.303133010864
0.303133010864
0.303133010864
0.303133010864
0.303133010864
0.303133010864
0.303133010864
0.303133010864
0.303133010864
0.303133010864
0.303133010864
0.303133010864
0.303133010864
0.303133010864
0.303133010864
0.303133010864
0.303133010864
0.303133010864
0.303133010864
0.303133010864
0.303133010864
0.303133010864
0.374058008194
0.66837400198
0.66837400198
0.66837400198
0.825761973858
0.66837400198
0.825761973858
0.825761973858
0.825761973858
0.825761973858
0.825761973858
0.825761973858
0.825761973858
0.825761973858
0.825761973858
0.825761973858
0.825761973858
0.825761973858
0.825761973858
0.825761973858
0.825761973858
0.825761973858
0.825761973858
0.825761973858
0.825761973858
0.825761973858
0.825761973858
0.825761973858
0.805943012238
0.825761973858
0.825761973858
0.825761973858
0.825761973858
0.825761973858
0.825761973858
0.825761973858
0.605840027332
0.825761973858
0.825761973858
0.112337999046
0.112337999046
0.112337999046
0.112337999046
0.112337999046
0.112337999046
0.112337999046
0.112337999046
0.112337999046
0.112337999046
0.112337999046
0.112337999046
0.112337999046
0.112337999046
0.112337999046
0.112337999046
0.112337999046
0.112337999046
0.112337999046
0.112337999046
0.112337999046
0.112337999046
0.112337999046
0.112337999046
0.112337999046
0.133192002773
0.112337999046
0.112337999046
0.112337999046
0.112337999046
0.112337999046
0.112337999046
0.112337999046
0.112337999046
0.112337999046
0.112337999046
0.133192002773
0.112337999046
0.112337999046
0.112337999046
0.112337999046
0.112337999046
0.112337999046
0.112337999046
0.112337999046
0.112337999046
0.112337999046
0.112337999046
0.112337999046
0.133192002773
0.133192002773
0.112337999046
0.112337999046
0.112337999046
0.112337999046
0.112337999046
0.112337999046
0.112337999046
0.112337999046
0.112337999046
0.112337999046
0.133192002773
0.112337999046
0.112337999046
0.112337999046
0.112337999046
0.112337999046
0.112337999046
0.112337999046
0.112337999046
0.133192002773
0.133192002773
0.133192002773
0.133192002773
0.112337999046
0.112337999046
0.112337999046
0.112337999046
0.112337999046
0.112337999046
0.112337999046
0.112337999046
0.112337999046
0.103309996426
