0.320787012577
0.320787012577
0.320787012577
0.320787012577
0.320787012577
0.320787012577
0.320787012577
0.320787012577
0.320787012577
0.320787012577
0.110559999943
0.110559999943
0.110559999943
0.110559999943
0.110559999943
0.110559999943
0.110559999943
0.110559999943
0.110559999943
0.110559999943
0.110559999943
0.110559999943
0.110559999943
0.110559999943
0.110559999943
0.110559999943
0.110559999943
0.110559999943
0.110559999943
0.110559999943
0.110559999943
0.110559999943
0.110559999943
0.110559999943
0.110559999943
0.110559999943
0.110559999943
0.110559999943
0.110559999943
0.110559999943
0.110559999943
0.110559999943
0.110559999943
0.110559999943
0.110559999943
0.110559999943
0.110559999943
0.332928001881
0.332928001881
0.332928001881
0.332928001881
0.332928001881
0.332928001881
0.332928001881
0.332928001881
0.332928001881
0.332928001881
0.332928001881
0.332928001881
0.332928001881
0.332928001881
0.332928001881
0.332928001881
0.332928001881
0.332928001881
0.332928001881
0.332928001881
0.332928001881
0.332928001881
0.332928001881
0.332928001881
0.332928001881
0.332928001881
0.332928001881
0.332928001881
0.332928001881
0.332928001881
0.332928001881
0.332928001881
0.332928001881
0.332928001881
0.332928001881
0.332928001881
0.332928001881
0.332928001881
0.332928001881
0.332928001881
0.332928001881
0.332928001881
0.332928001881
0.332928001881
0.332928001881
0.332928001881
0.332928001881
0.332928001881
0.332928001881
0.332928001881
0.332928001881
0.332928001881
0.332928001881
0.332928001881
0.332928001881
0.332928001881
0.332928001881
0.332928001881
0.332928001881
0.332928001881
0.107749998569
0.332928001881
0.332928001881
0.332928001881
0.332928001881
0.107749998569
0.332928001881
0.332928001881
0.332928001881
0.332928001881
0.332928001881
0.332928001881
0.332928001881
0.332928001881
0.332928001881
0.107749998569
0.332928001881
0.332928001881
0.332928001881
0.332928001881
0.332928001881
0.332928001881
0.332928001881
0.332928001881
0.332928001881
0.332928001881
0.332928001881
0.332928001881
0.107749998569
0.332928001881
0.332928001881
0.332928001881
0.332928001881
0.332928001881
0.332928001881
0.332928001881
0.332928001881
0.332928001881
0.107749998569
0.332928001881
0.332928001881
0.332928001881
0.332928001881
0.332928001881
0.332928001881
0.332928001881
0.332928001881
0.332928001881
0.332928001881
0.107749998569
0.332928001881
0.332928001881
0.332928001881
0.332928001881
0.332928001881
0.332928001881
0.332928001881
0.332928001881
0.107749998569
0.332928001881
0.332928001881
0.332928001881
0.332928001881
0.332928001881
0.332928001881
0.332928001881
0.332928001881
0.332928001881
0.107749998569
0.332928001881
0.332928001881
0.332928001881
0.332928001881
0.332928001881
0.332928001881
0.332928001881
0.332928001881
0.107749998569
0.332928001881
0.332928001881
0.332928001881
0.332928001881
0.332928001881
0.332928001881
0.107749998569
0.332928001881
0.332928001881
0.332928001881
0.332928001881
0.332928001881
0.332928001881
0.332928001881
0.332928001881
0.332928001881
0.332928001881
0.107749998569
0.332928001881
0.332928001881
0.332928001881
0.332928001881
0.332928001881
0.332928001881
0.107749998569
0.332928001881
0.332928001881
0.332928001881
0.332928001881
0.107749998569
0.332928001881
0.332928001881
0.332928001881
0.332928001881
0.332928001881
0.332928001881
0.107749998569
0.332928001881
0.332928001881
0.107749998569
0.332928001881
0.332928001881
0.332928001881
0.332928001881
0.107749998569
0.332928001881
0.332928001881
0.332928001881
0.332928001881
0.332928001881
0.332928001881
0.332928001881
0.332928001881
0.109853997827
0.109853997827
0.109853997827
0.109853997827
0.109853997827
0.109853997827
0.109853997827
0.109853997827
0.109853997827
0.109853997827
0.109853997827
0.109853997827
0.109853997827
0.113949999213
0.109853997827
0.109853997827
0.109853997827
0.115967996418
0.113949999213
0.113949999213
0.113949999213
0.113949999213
0.113949999213
0.113949999213
0.113949999213
0.113949999213
0.113949999213
0.103036999702
0.103036999702
0.103036999702
0.103036999702
0.103036999702
0.103036999702
0.103036999702
0.103036999702
0.103036999702
0.103036999702
0.103036999702
0.103036999702
0.103036999702
0.103036999702
0.103036999702
0.103036999702
0.103036999702
0.103036999702
0.103036999702
0.103036999702
0.103036999702
0.103036999702
0.313906997442
0.103036999702
0.103036999702
0.103036999702
0.103036999702
0.103036999702
0.313906997442
0.103036999702
0.103036999702
0.103036999702
0.103036999702
0.103036999702
0.313906997442
0.103036999702
0.103036999702
0.103036999702
0.103036999702
0.103036999702
0.313906997442
0.103036999702
0.103036999702
0.103036999702
0.313906997442
0.103036999702
0.103036999702
0.103036999702
0.103036999702
0.103036999702
0.313906997442
0.103036999702
0.103036999702
0.103036999702
0.103036999702
0.103036999702
0.103036999702
0.313906997442
0.103036999702
0.103036999702
0.103036999702
0.313906997442
0.103036999702
0.103036999702
0.103036999702
0.103036999702
0.313906997442
0.103036999702
0.103036999702
0.313906997442
0.103036999702
0.103036999702
0.116350002587
0.103036999702
0.116350002587
0.116350002587
0.116350002587
0.116350002587
0.116350002587
0.116350002587
0.116350002587
0.116350002587
0.116350002587
0.116350002587
0.116350002587
0.116350002587
0.116350002587
0.116350002587
0.116350002587
0.116350002587
0.116350002587
0.116350002587
0.116350002587
0.116350002587
0.116350002587
0.116350002587
0.116350002587
0.116350002587
0.116350002587
0.116350002587
0.116350002587
0.116350002587
0.116350002587
0.116350002587
0.116350002587
0.116350002587
0.116350002587
0.116350002587
0.116350002587
0.116350002587
0.116350002587
0.116350002587
0.116350002587
0.116350002587
0.116350002587
0.116350002587
0.116350002587
0.112898997962
0.106452003121
0.106452003121
0.106452003121
0.111345000565
0.106452003121
0.111345000565
0.111345000565
0.111345000565
0.111345000565
0.111345000565
0.111345000565
0.111345000565
0.111345000565
0.111345000565
0.111345000565
0.111345000565
0.111345000565
0.111345000565
0.111345000565
0.111345000565
0.111345000565
0.111345000565
0.111345000565
0.111345000565
0.111345000565
0.111345000565
0.111345000565
0.111224003136
0.111345000565
0.111345000565
0.111345000565
0.111345000565
0.111345000565
0.111345000565
0.111345000565
0.0450210012496
0.111345000565
0.111345000565
0.376237004995
0.376237004995
0.376237004995
0.376237004995
0.376237004995
0.376237004995
0.376237004995
0.376237004995
0.376237004995
0.376237004995
0.376237004995
0.376237004995
0.376237004995
0.376237004995
0.376237004995
0.376237004995
0.376237004995
0.376237004995
0.376237004995
0.376237004995
0.376237004995
0.376237004995
0.376237004995
0.376237004995
0.376237004995
0.432276010513
0.376237004995
0.376237004995
0.376237004995
0.376237004995
0.376237004995
0.376237004995
0.376237004995
0.376237004995
0.376237004995
0.376237004995
0.432276010513
0.376237004995
0.376237004995
0.376237004995
0.376237004995
0.376237004995
0.376237004995
0.376237004995
0.376237004995
0.376237004995
0.376237004995
0.376237004995
0.376237004995
0.432276010513
0.432276010513
0.376237004995
0.376237004995
0.376237004995
0.376237004995
0.376237004995
0.376237004995
0.376237004995
0.376237004995
0.376237004995
0.376237004995
0.432276010513
0.376237004995
0.376237004995
0.376237004995
0.376237004995
0.376237004995
0.376237004995
0.376237004995
0.376237004995
0.432276010513
0.432276010513
0.432276010513
0.432276010513
0.376237004995
0.376237004995
0.376237004995
0.376237004995
0.376237004995
0.376237004995
0.376237004995
0.376237004995
0.376237004995
0.109185002744
