0.228052
0.228052
0.228052
0.208768
0.228052
0.228052
0.208768
0.208768
0.606188
0.208768
0.606188
0.228052
0.430601
0.606188
0.510336
0.510335
0.510335
0.510335
0.510335
0.510335
0.606188
0.606188
0.510326
0.225292
0.606188
0.606188
0.315462
0.510326
0.510335
0.606188
0.606188
0.438207
0.510335
0.510335
0.510335
0.510335
0.606188
0.606188
0.510335
0.510335
0.510335
0.510335
0.414812
0.510335
0.510335
0.510335
0.510335
0.510335
0.606188
0.606188
0.256778
0.510335
0.510335
0.510335
0.510335
0.420257
0.510335
0.281617
0.510335
0.510335
0.606188
0.606188
0.510335
0.510335
0.510335
0.510335
0.510335
0.606188
0.606188
0.510335
0.510335
0.510335
0.510335
0.510335
0.510335
0.510335
0.488221
0.606188
0.606188
0.510324
0.327885
0.606188
0.606188
0.510324
0.209601
0.606188
0.606188
0.251709
0.510324
0.510335
0.302246
0.213315
0.213315
0.213315
0.213315
0.213315
0.213315
0.213315
0.213315
0.213315
0.213315
0.213315
0.213315
0.213315
0.213315
0.213315
0.213315
0.213315
0.213315
0.213315
0.213315
0.213315
0.213315
0.213315
0.213315
0.213315
0.213315
0.213315
0.213315
0.213315
0.213315
0.213315
0.213315
0.213315
0.207679
0.213315
0.213315
0.213315
0.213315
0.213315
0.213315
0.213315
0.213315
0.213315
0.213315
0.213315
0.213315
0.213315
0.209611
0.209611
0.209611
0.209611
0.209611
0.209611
0.209611
0.214189
0.214189
0.214189
0.209611
0.209611
0.209611
0.209611
0.209611
0.214189
0.214189
0.209611
0.214189
0.214189
0.214189
0.214189
0.206657
0.214189
0.214189
0.206657
0.214189
0.22272
0.214189
0.206657
0.22272
0.22272
0.214189
0.206657
0.22272
0.22272
0.214189
0.206657
0.22272
0.22272
0.214189
0.206657
0.22272
0.22272
0.214189
0.206657
0.22272
0.22272
0.214189
0.22272
0.22272
0.214189
0.22272
0.214189
0.214189
0.214189
0.214189
0.214189
0.214189
0.214189
0.214189
0.214189
0.214189
0.214189
0.214189
0.214189
0.214189
0.214189
0.214189
0.214189
0.214189
0.214189
0.214189
