0.23485
0.23485
0.23485
0.23485
0.23485
0.23485
0.23485
0.23485
0.23485
0.23485
0.23485
0.23485
0.23485
0.204444
0.23485
0.23485
0.23485
0.204444
0.23485
0.23485
0.23485
0.23485
0.23485
0.23485
0.204444
0.23485
0.23485
0.23485
0.23485
0.23485
0.23485
0.23485
0.23485
0.23485
0.23485
0.23485
0.23485
0.23485
0.23485
0.23485
0.23485
0.23485
0.23485
0.23485
0.23485
0.23485
0.23485
0.23485
0.23485
0.23485
0.23485
0.23485
0.23485
0.23485
0.23485
0.23485
0.23485
0.23485
0.23485
0.23485
0.23485
0.23485
0.23485
0.23485
0.23485
0.23485
0.23485
0.23485
0.23485
0.23485
0.23485
0.23485
0.23485
0.23485
0.23485
0.23485
0.23485
0.23485
0.23485
0.23485
0.23485
0.23485
0.23485
0.23485
0.23485
0.23485
0.23485
0.20349
0.23485
0.23485
0.23485
0.23485
0.23485
0.23485
0.23485
0.23485
0.23485
0.23485
0.23485
0.23485
0.23485
0.23485
0.23485
0.23485
0.23485
0.23485
0.23485
0.23485
0.23485
0.23485
0.23485
0.23485
0.23485
0.23485
0.23485
0.23485
0.23485
0.23485
0.23485
0.23485
0.23485
0.23485
0.23485
0.23485
0.23485
0.23485
0.23485
0.23485
0.23485
0.23485
0.23485
0.23485
0.23485
0.23485
0.23485
0.23485
0.23485
0.23485
0.23485
0.23485
0.23485
0.23485
0.23485
0.23485
0.23485
0.23485
0.23485
0.23485
0.23485
0.23485
0.23485
0.23485
0.23485
0.23485
0.23485
0.23485
0.23485
0.23485
0.23485
0.23485
0.23485
0.23485
0.23485
0.23485
0.23485
0.23485
0.23485
0.201641
0.23485
0.23485
0.23485
0.23485
0.23485
0.23485
0.23485
0.23485
0.23485
0.201641
0.23485
0.23485
0.23485
0.23485
0.23485
0.23485
0.23485
0.23485
0.23485
0.23485
0.23485
0.23485
0.23485
0.216082
0.23485
0.23485
0.23485
0.23485
0.23485
0.23485
0.23485
0.201641
0.23485
0.23485
0.24538
0.243963
0.23485
0.24538
0.201641
0.243963
0.243963
0.243963
0.24538
0.24538
0.24538
0.24538
0.24538
0.201641
0.24538
0.24538
0.24538
0.24538
0.230877
0.24538
0.201641
0.24538
0.24538
0.230877
0.24538
0.24538
0.24538
0.24538
0.201641
0.24538
0.24538
0.24538
0.24538
0.24538
0.24538
0.24538
0.25801
0.24538
0.24538
0.24538
0.237325
0.230877
0.230877
0.25801
0.201641
0.24538
0.25801
0.25801
0.25801
0.25801
0.230877
0.230877
0.230877
0.210172
0.230877
0.25801
0.201641
0.24538
0.25801
0.25801
0.25801
0.230877
0.261519
0.230877
0.230877
0.230877
0.230877
0.261519
0.201641
0.24538
0.24538
0.24538
0.25801
0.25801
0.25801
0.261519
0.261519
0.261519
0.201641
0.24538
0.24538
0.25801
0.25801
0.25801
0.261519
0.261519
0.261519
0.25801
0.25801
0.25801
0.25801
0.203357
0.25801
0.261519
0.24538
0.25801
0.25801
0.25801
0.237619
0.25801
0.25801
0.261519
0.261519
0.261519
0.261519
0.25801
0.25801
0.261519
0.25801
0.261519
0.261519
0.25801
0.25801
0.25801
0.261519
0.261519
0.25801
0.25801
0.261519
0.261519
0.261519
0.261519
0.261519
0.261519
0.25801
0.25801
0.25801
0.25801
0.25801
0.25801
0.25801
0.261519
0.261519
0.25801
0.242712
0.25801
0.25801
0.25801
0.261519
0.25801
0.25801
0.25801
0.25801
0.25801
0.25801
0.25801
0.25801
0.25801
0.25801
0.25801
0.25801
0.25801
0.25801
0.25801
0.25801
0.25801
0.25801
0.25801
0.25801
0.25801
0.25801
0.25801
0.25801
0.253475
0.25801
0.25801
0.25801
0.25801
0.253475
0.253475
0.253475
0.253475
0.253475
0.253475
0.253475
0.25801
0.25801
0.25801
0.25801
0.25801
0.25801
0.25801
0.253475
0.253475
0.253475
0.253475
0.253475
0.253475
0.25801
0.25801
0.25801
0.25801
0.25801
0.218426
0.253475
0.387471
0.253475
0.253475
0.253475
0.387471
0.387471
0.387471
0.253475
0.387471
0.387471
0.387471
0.387471
0.387471
0.387471
0.387471
0.387471
0.387471
0.387471
0.387471
0.387471
0.387471
0.387471
0.387471
0.387471
0.231252
0.387471
0.387471
0.387471
0.387471
0.387471
0.387471
0.387471
0.387471
0.259207
0.387471
0.387471
0.387471
0.387471
0.387471
0.387471
0.387471
0.387471
0.387471
0.387471
0.387471
0.387471
0.387471
0.387471
0.387471
0.387471
0.387471
0.387471
0.387471
0.387471
0.387471
0.387471
0.387471
0.387471
0.387471
0.387471
0.387471
0.387471
0.387471
0.387471
0.387471
0.216352
0.387471
0.387471
0.387471
0.387471
0.387471
0.387471
0.387471
0.387471
0.387471
0.387471
0.23076
0.369871
0.387471
0.387471
0.387471
0.313974
0.387471
0.387471
0.387471
0.387471
0.387471
0.387471
0.387471
0.387471
0.387471
0.387471
0.387471
0.387471
0.387471
0.387471
0.327428
0.387471
0.293591
0.387471
0.387471
0.387471
0.387471
0.387471
0.387471
0.206636
0.277103
0.387471
0.238621
0.387471
0.387471
0.387471
0.387471
0.387471
0.387471
0.387471
0.387471
0.387471
0.387471
0.387471
0.387471
0.387471
0.201611
0.387471
0.202047
0.387471
0.387471
0.387471
0.387471
0.387471
0.387471
0.387471
0.387471
0.201611
0.201611
0.201611
0.201611
0.201611
0.387471
0.202047
0.387471
0.294155
0.387471
0.31038
0.387471
0.387471
0.387471
0.387471
0.387471
0.387471
0.387471
0.387471
0.387471
0.387471
0.237652
0.387471
0.201611
0.201611
0.201611
0.201611
0.201611
0.387471
0.202047
0.387471
0.387471
0.387471
0.387471
0.387471
0.387471
0.387471
0.387471
0.387471
0.387471
0.387471
0.387471
0.201611
0.201611
0.201611
0.201611
0.387471
0.387471
0.387471
0.357998
0.387471
0.201611
0.201611
0.201611
0.201611
0.201611
0.201611
0.387471
0.387471
0.387471
0.387471
0.387471
0.387471
0.201611
0.201611
0.201611
0.201611
0.387471
0.387471
0.389115
0.329051
0.387471
0.387471
0.389115
0.387471
0.24434
0.387471
0.387471
0.387471
0.387471
0.387471
0.201611
0.201611
0.201611
0.201611
0.201611
0.201611
0.389115
0.387471
0.387471
0.389115
0.387471
0.387471
0.387471
0.387471
0.387471
0.266699
0.387471
0.387471
0.201611
0.201611
0.201611
0.201611
0.201611
0.201611
0.201611
0.389115
0.387471
0.387471
0.26898
0.389115
0.387471
0.387471
0.387471
0.387471
0.387471
0.201611
0.201611
0.201611
0.201611
0.201611
0.201611
0.201611
0.389115
0.387471
0.387471
0.331842
0.387471
0.247331
0.387471
0.387471
0.283966
0.387471
0.389115
0.201611
0.201611
0.201611
0.201611
0.201611
0.201611
0.201611
0.201611
0.201611
0.201611
0.389115
0.387471
0.387471
0.387471
0.387471
0.387471
0.387471
0.387471
0.387471
0.387471
0.387471
0.387471
0.387471
0.387471
0.389115
0.201611
0.201611
0.201611
0.205854
0.201611
0.389115
0.387471
0.350335
0.234782
0.290181
0.387471
0.329354
0.387471
0.387471
0.387471
0.387471
0.387471
0.389115
0.205854
0.205854
0.201611
0.201611
0.201611
0.205854
0.389115
0.387471
0.387471
0.387471
0.387471
0.387471
0.387471
0.318377
0.387471
0.387471
0.387471
0.389115
0.205854
0.205854
0.205854
0.203019
0.205854
0.205854
0.389115
0.387471
0.33073
0.387471
0.387471
0.387471
0.387471
0.387471
0.387471
0.387471
0.387471
0.387471
0.387471
0.281457
0.387471
0.389115
0.205854
0.205854
0.205854
0.389115
0.387471
0.387471
0.387471
0.387471
0.387471
0.387471
0.387471
0.387471
0.387471
0.387471
0.387471
0.387471
0.387471
0.389115
0.205854
0.211497
0.205854
0.205854
0.205854
0.389115
0.387471
0.234834
0.387471
0.387471
0.387471
0.387471
0.387471
0.387471
0.387471
0.387471
0.387471
0.387471
0.389115
0.211497
0.389115
0.387471
0.387471
0.387471
0.387471
0.387471
0.387471
0.387471
0.494531
0.387471
0.387471
0.387471
0.387471
0.387471
0.387471
0.387471
0.387471
0.387471
0.387471
0.387471
0.387471
0.387471
0.387471
0.494531
0.211497
0.389115
0.387471
0.259258
0.387471
0.387471
0.387471
0.494531
0.387471
0.387471
0.387471
0.387471
0.387471
0.494531
0.387471
0.387471
0.387471
0.246093
0.387471
0.387471
0.337902
0.264357
0.387471
0.256022
0.387471
0.387471
0.387471
0.494531
0.211497
0.389115
0.387471
0.387471
0.387471
0.331209
0.494531
0.494531
0.494531
0.312066
0.494531
0.494531
0.337982
0.387471
0.387471
0.387471
0.387471
0.387471
0.387471
0.387471
0.387471
0.202565
0.387471
0.494531
0.211497
0.389115
0.387471
0.494531
0.494531
0.494531
0.494531
0.494531
0.494531
0.494531
0.387471
0.387471
0.208964
0.387471
0.387471
0.206942
0.387471
0.387471
0.387471
0.387471
0.387471
0.387471
0.387471
0.494531
0.211497
0.389115
0.315978
0.387471
0.494531
0.494531
0.494531
0.494531
0.387471
0.387471
0.387471
0.387471
0.387471
0.387471
0.387471
0.387471
0.331417
0.387471
0.387471
0.387471
0.494531
0.211497
0.389115
0.343693
0.239831
0.494531
0.494531
0.494531
0.387471
0.387471
0.387471
0.387471
0.387471
0.387471
0.494531
0.211497
0.494531
0.494531
0.494531
0.494531
0.387471
0.387471
0.387471
0.387471
0.387471
0.387471
0.387471
0.387471
0.387471
0.387471
0.387471
0.387471
0.387471
0.494531
0.494531
0.494531
0.494531
0.494531
0.211497
0.494531
0.494531
0.343196
0.494531
0.494531
0.494531
0.387471
0.387471
0.387471
0.387471
0.270216
0.387471
0.387471
0.387471
0.387471
0.387471
0.387471
0.494531
0.211497
0.494531
0.494531
0.494531
0.494531
0.494531
0.494531
0.494531
0.494531
0.494531
0.387471
0.387471
0.387471
0.387471
0.387471
0.387471
0.387471
0.387471
0.387471
0.387471
0.494531
0.494531
0.494531
0.494531
0.494531
0.211497
0.494531
0.494531
0.494531
0.494531
0.494531
0.494531
0.494531
0.387471
0.387471
0.387471
0.387471
0.387471
0.387471
0.387471
0.387471
0.387471
0.387471
0.387471
0.259207
0.387471
0.494531
0.494531
0.218924
0.494531
0.545738
0.494531
0.545738
0.211497
0.494531
0.494531
0.494531
0.387471
0.387471
0.387471
0.387471
0.387471
0.387471
0.387471
0.387471
0.387471
0.545738
0.545738
0.545738
0.211497
0.209504
0.494531
0.501502
0.494531
0.494531
0.387471
0.387471
0.387471
0.387471
0.387471
0.387471
0.387471
0.387471
0.387471
0.387471
0.545738
0.545738
0.545738
0.545738
0.545738
0.545738
0.545738
0.211497
0.501502
0.494531
0.494531
0.494531
0.494531
0.387471
0.387471
0.387471
0.387471
0.387471
0.387471
0.387471
0.387471
0.387471
0.545738
0.545738
0.545738
0.545738
0.545738
0.211497
0.501502
0.494531
0.494531
0.535292
0.494531
0.494531
0.494531
0.387471
0.387471
0.387471
0.387471
0.387471
0.387471
0.387471
0.387471
0.374788
0.387471
0.387471
0.545738
0.545738
0.545738
0.545738
0.545738
0.545738
0.387471
0.387471
0.387471
0.387471
0.387471
0.545738
0.535292
0.535292
0.494531
0.387471
0.387471
0.387471
0.387471
0.387471
0.387471
0.545738
0.545738
0.38469
0.545738
0.545738
0.545738
0.545738
0.387471
0.545738
0.535292
0.535292
0.457286
0.535292
0.387471
0.387471
0.387471
0.387471
0.387471
0.387471
0.387471
0.387471
0.387471
0.387471
0.545738
0.545738
0.545738
0.545738
0.387471
0.387471
0.387471
0.387471
0.387471
0.545738
0.535292
0.535292
0.535292
0.535292
0.535292
0.535292
0.545738
0.545738
0.545738
0.545738
0.545738
0.545738
0.387471
0.387471
0.387471
0.387471
0.387471
0.387471
0.387471
0.387471
0.387471
0.545738
0.535292
0.535292
0.535292
0.535292
0.535292
0.545738
0.545738
0.545738
0.545738
0.387471
0.387471
0.387471
0.387471
0.387471
0.387471
0.545738
0.535292
0.535292
0.535292
0.535292
0.535292
0.535292
0.545738
0.545738
0.545738
0.545738
0.545738
0.545738
0.545738
0.387471
0.387471
0.387471
0.387471
0.387471
0.387471
0.312835
0.387471
0.387471
0.387471
0.288039
0.387471
0.387471
0.545738
0.535292
0.535292
0.535292
0.535292
0.535292
0.545738
0.545738
0.545738
0.387471
0.272238
0.387471
0.312203
0.387471
0.545738
0.545738
0.545738
0.545738
0.545738
0.545738
0.535292
0.34647
0.535292
0.535292
0.535292
0.545738
0.545738
0.545738
0.545738
0.545738
0.545738
0.545738
0.387471
0.387471
0.387471
0.387471
0.387471
0.387471
0.387471
0.545738
0.545738
0.545738
0.545738
0.545738
0.545738
0.535292
0.535292
0.535292
0.535292
0.283165
0.545738
0.545738
0.208895
0.387471
0.336192
0.387471
0.387471
0.387471
0.387471
0.545738
0.545738
0.545738
0.545738
0.535292
0.488593
0.535292
0.545738
0.545738
0.545738
0.387471
0.346272
0.387471
0.387471
0.387471
0.545738
0.545738
0.245745
0.535292
0.535292
0.535292
0.535292
0.535292
0.535292
0.545738
0.535292
0.535292
0.535292
0.535292
0.302228
0.535292
0.535292
0.535292
0.535292
0.545738
0.545738
0.545738
0.545738
0.545738
0.484901
0.387471
0.545738
0.545738
0.545738
0.545738
0.545738
0.387471
0.387471
0.387471
0.387471
0.387471
0.387471
0.387471
0.387471
0.387471
0.545738
0.535292
0.535292
0.535292
0.535292
0.535292
0.535292
0.535292
0.535292
0.545738
0.545738
0.545738
0.545738
0.545738
0.545738
0.545738
0.387471
0.387471
0.216422
0.387471
0.545738
0.545738
0.545738
0.545738
0.387471
0.387471
0.387471
0.387471
0.387471
0.387471
0.535292
0.535292
0.545738
0.535292
0.535292
0.545738
0.545738
0.545738
0.545738
0.545738
0.494732
0.387471
0.387471
0.387471
0.387471
0.387471
0.545738
0.545738
0.458467
0.387471
0.535292
0.201275
0.535292
0.545738
