0.223072007298
0.223072007298
0.223072007298
0.223072007298
0.408298999071
0.223072007298
0.343214005232
0.223072007298
0.408298999071
0.223072007298
0.223072007298
0.408298999071
0.24034999311
0.408298999071
0.408298999071
0.223072007298
0.223072007298
0.223072007298
0.223072007298
0.408298999071
0.343674004078
0.408298999071
0.408298999071
0.226368993521
0.223072007298
0.408298999071
0.408298999071
0.223072007298
0.343674004078
0.223072007298
0.408298999071
0.408298999071
0.343674004078
0.408298999071
0.343674004078
0.223072007298
0.223072007298
0.408298999071
0.343674004078
0.223072007298
0.343674004078
0.408298999071
0.200205996633
0.344642996788
0.223072007298
0.408298999071
0.206229999661
0.223072007298
0.223072007298
0.200205996633
0.344642996788
0.20294700563
0.328916013241
0.344642996788
0.344642996788
0.223072007298
0.408298999071
0.223072007298
0.344642996788
0.20294700563
0.20294700563
0.328916013241
0.20294700563
0.20294700563
0.20294700563
0.344642996788
0.344642996788
0.344642996788
0.223072007298
0.223072007298
0.408298999071
0.408298999071
0.223072007298
0.223072007298
0.343674004078
0.343674004078
0.223072007298
0.343674004078
0.223072007298
0.219582006335
0.343674004078
0.209683001041
0.223072007298
0.408298999071
0.408298999071
0.408298999071
0.343674004078
0.223072007298
0.223072007298
0.408298999071
0.440928995609
0.223072007298
0.408298999071
0.343674004078
0.343674004078
0.231224000454
0.223072007298
0.408298999071
0.223072007298
0.231224000454
0.223072007298
0.223072007298
0.223072007298
0.408298999071
0.200054004788
0.200054004788
0.224821999669
0.200054004788
0.224821999669
0.200054004788
0.224821999669
0.224821999669
0.224821999669
0.200054004788
0.224821999669
0.200054004788
0.224821999669
0.200054004788
0.224821999669
0.224821999669
0.224821999669
0.224821999669
0.200054004788
0.200054004788
0.200054004788
0.224821999669
0.224821999669
0.200054004788
0.224821999669
0.200054004788
0.224821999669
0.200054004788
0.200054004788
0.200054004788
0.200054004788
0.200054004788
0.200054004788
0.224821999669
0.224821999669
0.200054004788
0.200054004788
0.200054004788
0.224821999669
0.200054004788
0.224821999669
0.224821999669
0.200054004788
0.200054004788
0.224821999669
0.224821999669
0.200054004788
0.200054004788
0.200054004788
0.200054004788
0.224821999669
0.200054004788
0.224821999669
0.200054004788
0.200054004788
0.200054004788
0.224821999669
0.200054004788
0.200054004788
0.200054004788
0.200054004788
0.224821999669
0.200054004788
0.224821999669
0.224821999669
0.224821999669
0.224821999669
0.224821999669
0.224821999669
0.224821999669
0.224821999669
0.224821999669
0.224821999669
0.200054004788
0.224821999669
0.224821999669
0.200054004788
0.200054004788
0.224821999669
0.200054004788
0.224821999669
0.224821999669
0.224821999669
0.200054004788
0.224821999669
0.200054004788
0.200054004788
0.224821999669
0.224821999669
0.224821999669
0.200054004788
0.200054004788
0.224821999669
0.200054004788
0.224821999669
0.224821999669
0.224821999669
0.224821999669
0.224821999669
0.200054004788
0.200054004788
0.200054004788
0.200054004788
0.224821999669
0.224821999669
0.200054004788
0.224821999669
0.200054004788
0.224821999669
0.217461004853
0.224821999669
0.200054004788
0.200054004788
0.200054004788
0.200054004788
0.224821999669
0.200054004788
0.200054004788
0.224821999669
0.200054004788
0.200054004788
0.224821999669
0.224821999669
0.224821999669
0.200054004788
0.200054004788
0.224821999669
0.224821999669
0.200054004788
0.224821999669
0.200054004788
0.200054004788
0.224821999669
0.200054004788
0.224821999669
0.224821999669
0.200054004788
0.224821999669
0.224821999669
0.224821999669
0.200054004788
0.224821999669
0.224821999669
0.224821999669
0.224821999669
0.224821999669
0.200054004788
0.224821999669
0.200054004788
0.200054004788
0.224821999669
0.224821999669
0.200054004788
0.200054004788
0.224821999669
0.224821999669
0.224821999669
0.200054004788
0.200054004788
0.200054004788
0.200054004788
0.200054004788
0.200054004788
0.224821999669
0.224821999669
0.200054004788
0.200054004788
0.224821999669
0.202296003699
0.229847997427
0.202296003699
0.25871899724
0.25871899724
0.25871899724
0.202296003699
0.202296003699
0.222357004881
0.202296003699
0.202296003699
0.202296003699
0.25871899724
0.25871899724
0.202296003699
0.25871899724
0.202296003699
0.202296003699
0.202296003699
0.202296003699
0.25871899724
0.25871899724
0.202296003699
0.25871899724
0.202296003699
0.219144999981
0.229847997427
0.202296003699
0.229847997427
0.25871899724
0.202296003699
0.202296003699
0.202296003699
0.202296003699
0.270034998655
0.25871899724
0.25871899724
0.25871899724
0.25871899724
0.229847997427
0.229847997427
0.270034998655
0.270034998655
0.270034998655
0.270034998655
0.25871899724
0.25871899724
0.25871899724
0.25871899724
0.25871899724
0.270034998655
0.270034998655
0.223091006279
0.270034998655
0.25871899724
0.25871899724
0.229847997427
0.229847997427
0.25871899724
0.223091006279
0.270034998655
0.270034998655
0.25871899724
0.25871899724
0.25871899724
0.229847997427
0.270034998655
0.238224998116
0.25871899724
0.25871899724
0.270034998655
0.25871899724
0.25871899724
0.25871899724
0.223091006279
0.25871899724
0.25871899724
0.25871899724
0.229847997427
0.25871899724
0.25871899724
0.25871899724
0.223091006279
0.270034998655
0.203590005636
0.25871899724
0.25871899724
0.25871899724
0.25871899724
0.25871899724
0.25871899724
0.25871899724
0.25871899724
0.229847997427
0.229847997427
0.224117994308
0.229847997427
0.25871899724
0.25871899724
0.25871899724
0.25871899724
0.229847997427
0.229847997427
0.25871899724
0.25871899724
0.25871899724
0.25871899724
0.229847997427
0.25871899724
0.229847997427
0.229847997427
0.25871899724
0.229847997427
0.25871899724
0.229847997427
0.211025997996
0.229847997427
0.25871899724
0.25871899724
0.25871899724
0.25871899724
0.25871899724
0.25871899724
0.237599000335
0.237599000335
0.25871899724
0.25871899724
0.25871899724
0.25871899724
0.25871899724
0.205250993371
0.25871899724
0.25871899724
0.25871899724
0.342200994492
0.230087995529
0.230087995529
0.230087995529
0.230087995529
0.230087995529
0.350455999374
0.230087995529
0.350455999374
0.350455999374
0.230087995529
0.230087995529
0.230087995529
0.230087995529
0.350455999374
0.350455999374
0.350455999374
0.230087995529
0.230087995529
0.230087995529
0.230087995529
0.230087995529
0.350455999374
0.342200994492
0.230087995529
0.342200994492
0.350455999374
0.230087995529
0.350455999374
0.230087995529
0.230087995529
0.230087995529
0.350455999374
0.230087995529
0.230087995529
0.350455999374
0.350455999374
0.230087995529
0.350455999374
0.230087995529
0.230087995529
0.230087995529
0.350455999374
0.350455999374
0.350455999374
0.350455999374
0.350455999374
0.350455999374
0.230087995529
0.350455999374
0.230087995529
0.230087995529
0.215739995241
0.350455999374
0.342200994492
0.230087995529
0.350455999374
0.230087995529
0.230087995529
0.230087995529
0.342200994492
0.350455999374
0.230087995529
0.342200994492
0.230087995529
0.342200994492
0.350455999374
0.230087995529
0.230087995529
0.230087995529
0.350455999374
0.350455999374
0.350455999374
0.230087995529
0.350455999374
0.230087995529
0.230087995529
0.350455999374
0.350455999374
0.230087995529
0.241099998355
0.227770000696
0.208325996995
0.201878994703
0.22922000289
0.230571001768
0.205690994859
0.213439002633
0.229888007045
0.239214003086
0.201766997576
0.219999998808
0.222605004907
0.241454005241
0.231529995799
0.207129999995
0.230987995863
0.233558997512
0.226392000914
0.210569992661
0.209153994918
0.21350300312
0.22273799777
0.209875002503
0.215991005301
0.221680000424
0.228060007095
0.212169006467
0.208151996136
0.219237998128
0.246933996677
0.227625995874
0.233235001564
0.204546004534
0.23697899282
0.222039997578
0.23736999929
0.218547999859
0.212347000837
0.223385006189
0.210329994559
0.215535998344
0.230157002807
0.221439003944
0.215441003442
0.204411000013
0.221438005567
0.212372004986
0.204698994756
0.215352997184
0.201805993915
0.204497992992
0.212172999978
0.21062399447
0.204854995012
0.205415993929
0.216159000993
0.219117000699
0.210993006825
0.20931699872
0.210446998477
0.200319007039
0.204077005386
0.21544200182
0.204945996404
0.213581994176
0.221970006824
0.215949997306
0.212143003941
0.221440002322
0.22225600481
0.221439003944
0.212435007095
0.204688996077
0.215491995215
0.219496995211
0.217537999153
0.212062999606
0.221509993076
0.204796999693
0.207819998264
0.221439003944
0.216003999114
0.222000002861
0.204260006547
0.215446993709
0.221349000931
0.221912994981
0.20669400692
0.215099006891
0.217205002904
0.208036005497
0.216537997127
0.222085997462
0.204993993044
0.219200998545
0.216690003872
0.218275994062
0.20435500145
0.217610999942
0.213856995106
0.206510007381
0.216424003243
0.225229993463
0.225968003273
0.213340997696
0.208803996444
0.213575005531
0.214496001601
0.205173000693
0.202924996614
0.203828006983
0.209658995271
0.200378999114
0.216996997595
0.21874499321
0.216521993279
0.209325000644
0.220000997186
0.225989997387
0.216227993369
0.21211899817
0.212283998728
0.219408005476
0.216052994132
0.219139993191
0.215639993548
0.214996993542
0.201537996531
0.214301005006
0.209199994802
0.204694002867
0.208450004458
0.203748002648
0.207791000605
0.214772999287
0.203237995505
0.213337004185
0.21440500021
0.208695992827
0.205558001995
0.214218005538
0.213822007179
0.205601006746
0.21141000092
0.209979996085
0.209019005299
0.212224006653
0.205806002021
0.215506002307
0.202877998352
0.204789996147
0.203951999545
0.213230997324
0.201671004295
0.207811996341
0.212316006422
0.212397992611
0.21236500144
0.210236996412
0.212120994925
0.212566003203
0.209132999182
0.205696001649
0.212779998779
0.212310001254
0.203502997756
0.204934999347
0.211298003793
0.212182000279
0.212281003594
0.209470003843
0.202985003591
0.204995006323
0.213514000177
0.211256995797
0.205332994461
0.209059000015
0.201681002975
0.213660001755
0.21333900094
0.206624999642
0.203450992703
0.213792994618
0.21429400146
0.212512999773
