0.221654996276
0.221654996276
0.221654996276
0.221654996276
0.221654996276
0.221654996276
0.221654996276
0.221654996276
0.221654996276
0.221654996276
0.221654996276
0.221654996276
0.221654996276
0.221654996276
0.221654996276
0.221654996276
0.314440011978
0.221654996276
0.314440011978
0.221654996276
0.221654996276
0.314440011978
0.314440011978
0.314440011978
0.221654996276
0.221654996276
0.221654996276
0.314440011978
0.314440011978
0.314440011978
0.314440011978
0.221654996276
0.221654996276
0.221654996276
0.221654996276
0.314440011978
0.314440011978
0.221654996276
0.299172013998
0.314440011978
0.314440011978
0.221654996276
0.221654996276
0.314440011978
0.314440011978
0.221654996276
0.381112009287
0.221654996276
0.221654996276
0.221654996276
0.381112009287
0.314440011978
0.381112009287
0.381112009287
0.381112009287
0.314440011978
0.221654996276
0.221654996276
0.381112009287
0.314440011978
0.381112009287
0.381112009287
0.381112009287
0.381112009287
0.381112009287
0.314440011978
0.314440011978
0.314440011978
0.381112009287
0.314440011978
0.314440011978
0.381112009287
0.381112009287
0.381112009287
0.381112009287
0.204685002565
0.314440011978
0.314440011978
0.314440011978
0.314440011978
0.381112009287
0.314440011978
0.314440011978
0.381112009287
0.381112009287
0.381112009287
0.314440011978
0.314440011978
0.314440011978
0.314440011978
0.381112009287
0.381112009287
0.314440011978
0.314440011978
0.314440011978
0.381112009287
0.381112009287
0.381112009287
0.381112009287
0.381112009287
0.381112009287
0.381112009287
0.381112009287
0.381112009287
0.381112009287
0.381112009287
0.381112009287
0.381112009287
0.381112009287
0.272385001183
0.381112009287
0.381112009287
0.381112009287
0.381112009287
0.381112009287
0.217865005136
0.381112009287
0.381112009287
0.381112009287
0.381112009287
0.381112009287
0.381112009287
0.381112009287
0.381112009287
0.381112009287
0.381112009287
0.381112009287
0.381112009287
0.381112009287
0.381112009287
0.381112009287
0.381112009287
0.381112009287
0.381112009287
0.381112009287
0.381112009287
0.381112009287
0.381112009287
0.381112009287
0.381112009287
0.381112009287
0.381112009287
0.381112009287
0.381112009287
0.381112009287
0.381112009287
0.381112009287
0.381112009287
0.381112009287
0.381112009287
0.381112009287
0.381112009287
0.381112009287
0.381112009287
0.381112009287
0.381112009287
0.381112009287
0.381112009287
0.381112009287
0.348497003317
0.381112009287
0.381112009287
0.381112009287
0.381112009287
0.381112009287
0.381112009287
0.348497003317
0.348497003317
0.381112009287
0.381112009287
0.381112009287
0.348497003317
0.348497003317
0.348497003317
0.381112009287
0.381112009287
0.348497003317
0.348497003317
0.348497003317
0.348497003317
0.381112009287
0.348497003317
0.292970001698
0.348497003317
0.348497003317
0.348497003317
0.348497003317
0.348497003317
0.348497003317
0.348497003317
0.348497003317
0.348497003317
0.348497003317
0.348497003317
0.348497003317
0.259231001139
0.348497003317
0.348497003317
0.348497003317
0.348497003317
0.348497003317
0.348497003317
0.348497003317
0.348497003317
0.348497003317
0.348497003317
0.348497003317
0.348497003317
0.348497003317
0.348497003317
0.348497003317
0.348497003317
0.348497003317
0.348497003317
0.348497003317
0.348497003317
0.348497003317
0.348497003317
0.348497003317
0.348497003317
0.348497003317
0.59652197361
0.348497003317
0.348497003317
0.348497003317
0.348497003317
0.348497003317
0.348497003317
0.348497003317
0.204039007425
0.468502014875
0.59652197361
0.468502014875
0.468502014875
0.348497003317
0.348497003317
0.348497003317
0.348497003317
0.348497003317
0.348497003317
0.59652197361
0.59652197361
0.59652197361
0.59652197361
0.59652197361
0.59652197361
0.59652197361
0.59652197361
0.59652197361
0.59652197361
0.59652197361
0.59652197361
0.59652197361
0.59652197361
0.59652197361
0.59652197361
0.59652197361
0.59652197361
0.59652197361
0.59652197361
0.59652197361
0.59652197361
0.59652197361
0.59652197361
0.59652197361
0.59652197361
