1.18918555044
1.18918555044
1.18918555044
1.18918555044
1.18918555044
1.18918555044
1.18918555044
1.18918555044
1.18918555044
1.18918555044
1.18918555044
1.18918555044
1.18918555044
1.18918555044
1.18918555044
1.18918555044
1.18918555044
1.18918555044
1.18918555044
1.18918555044
1.18918555044
1.18918555044
1.18918555044
0.441182486713
1.18918555044
1.18918555044
1.18918555044
1.18918555044
1.18918555044
1.18918555044
1.18918555044
1.18918555044
1.18918555044
1.18918555044
1.18918555044
1.18918555044
1.18918555044
1.17377501912
1.18918555044
1.18918555044
1.18918555044
1.18918555044
1.18918555044
1.18918555044
1.18918555044
1.18918555044
1.18918555044
1.18918555044
1.18918555044
1.18918555044
1.18918555044
1.18918555044
1.18918555044
1.18918555044
1.18918555044
1.18918555044
1.18918555044
1.18918555044
1.18918555044
1.18918555044
1.18918555044
1.18918555044
1.18918555044
1.18918555044
1.18918555044
1.18918555044
1.18918555044
1.18918555044
1.18918555044
1.18918555044
1.18918555044
0.906652502716
1.18918555044
1.18918555044
1.18918555044
1.18918555044
1.18918555044
1.18918555044
1.18918555044
1.18918555044
1.18918555044
1.18918555044
1.10775755532
1.18918555044
1.18918555044
1.18918555044
1.18918555044
1.18918555044
1.18918555044
1.18918555044
1.18918555044
1.18918555044
1.18918555044
1.18918555044
1.18918555044
1.18918555044
1.18918555044
1.18918555044
1.18918555044
1.18918555044
1.18918555044
1.18918555044
1.18918555044
1.18918555044
1.18918555044
1.18918555044
1.18918555044
1.18918555044
1.18918555044
1.18918555044
1.18918555044
1.18918555044
1.18918555044
1.18918555044
1.18918555044
1.18918555044
1.18918555044
1.18918555044
1.18918555044
1.18918555044
1.18918555044
1.18918555044
1.18918555044
1.18918555044
1.18918555044
1.18918555044
1.18918555044
1.18918555044
1.18918555044
1.18918555044
1.18918555044
1.18918555044
1.18918555044
1.18918555044
1.18918555044
0.236520003527
1.18918555044
1.18918555044
1.18918555044
1.18918555044
1.18918555044
1.18918555044
1.18918555044
1.18918555044
1.18918555044
1.18918555044
1.18918555044
1.18918555044
1.18918555044
1.18918555044
1.18918555044
1.18918555044
1.18918555044
1.18918555044
1.18918555044
1.18918555044
1.18918555044
1.18918555044
1.18918555044
1.18918555044
1.18918555044
1.18918555044
1.18918555044
1.18918555044
1.18918555044
1.18918555044
1.18918555044
1.18918555044
1.18918555044
1.18918555044
1.18918555044
1.18918555044
1.18918555044
1.18918555044
1.18918555044
1.18918555044
1.18918555044
1.18918555044
1.18918555044
1.18918555044
1.18918555044
0.436693500727
1.18918555044
1.18918555044
1.18918555044
1.18918555044
1.18918555044
1.18918555044
1.18918555044
1.18918555044
1.18918555044
1.18918555044
1.18918555044
1.18918555044
1.18918555044
1.18918555044
1.18918555044
1.18918555044
1.18918555044
1.18918555044
1.18918555044
1.18918555044
1.18918555044
1.18918555044
1.18918555044
1.18918555044
1.18918555044
1.18918555044
1.18918555044
1.18918555044
1.18918555044
1.18918555044
1.18918555044
1.18918555044
1.18918555044
1.18918555044
1.18918555044
1.18918555044
1.18918555044
1.18918555044
1.18918555044
1.18918555044
1.18918555044
1.18918555044
1.18918555044
1.18918555044
1.18918555044
1.18918555044
1.18918555044
1.18918555044
1.18918555044
1.18918555044
1.18918555044
1.18918555044
1.18918555044
1.18918555044
1.18918555044
1.18918555044
1.18918555044
1.18918555044
1.18918555044
1.18918555044
1.18918555044
1.18918555044
1.18918555044
1.18918555044
1.18918555044
1.18918555044
1.18918555044
1.18918555044
1.18918555044
1.18918555044
1.18918555044
1.18918555044
1.18918555044
1.18918555044
1.18918555044
1.18918555044
1.18918555044
1.18918555044
1.18918555044
1.18918555044
1.18918555044
1.18918555044
1.18918555044
1.18918555044
1.18918555044
1.18918555044
1.18918555044
1.18918555044
1.18918555044
1.18918555044
1.18918555044
1.18918555044
1.18918555044
1.18918555044
1.18918555044
1.18918555044
1.18918555044
1.18918555044
1.18918555044
1.18918555044
1.18918555044
1.18918555044
1.18918555044
1.18918555044
1.18918555044
1.18918555044
1.18918555044
1.18918555044
1.18918555044
1.18918555044
1.18918555044
1.18918555044
1.18918555044
1.18918555044
1.18918555044
1.18918555044
1.18918555044
1.18918555044
1.18918555044
1.18918555044
1.18918555044
1.18918555044
1.18918555044
1.18918555044
1.18918555044
1.18918555044
1.18918555044
1.18918555044
1.18918555044
1.18918555044
1.1892170459
1.18918555044
1.18918555044
1.18918555044
1.18918555044
1.18918555044
1.18918555044
1.18918555044
1.18918555044
1.18918555044
1.18918555044
1.18918555044
1.18918555044
1.18918555044
1.18918555044
1.18918555044
1.18918555044
1.18918555044
1.18918555044
1.18918555044
1.18918555044
1.1892170459
1.18918555044
1.18918555044
1.18918555044
1.18918555044
1.18918555044
1.1892170459
1.1892170459
1.18918555044
1.18918555044
1.18918555044
1.18918555044
1.18918555044
1.18918555044
1.18918555044
1.18918555044
1.18918555044
0.279127012938
1.18918555044
1.18918555044
1.18918555044
1.27921198495
1.18918555044
1.18918555044
1.27921198495
1.18918555044
1.18918555044
1.18918555044
1.18918555044
1.18918555044
1.18918555044
1.1892170459
1.1892170459
1.18918555044
1.18918555044
1.18918555044
1.18918555044
1.18918555044
1.18918555044
1.18918555044
1.18918555044
1.18918555044
1.18918555044
1.27921198495
0.337130010128
1.27921198495
1.27921198495
1.27921198495
1.27921198495
1.27921198495
1.18918555044
1.18918555044
1.18918555044
1.1892170459
1.1892170459
1.1892170459
1.18918555044
1.18918555044
1.18918555044
1.18918555044
1.18918555044
1.18918555044
1.18918555044
1.18918555044
1.18918555044
1.18918555044
1.18918555044
1.18918555044
1.18918555044
1.18918555044
1.18918555044
1.27921198495
0.325151007622
1.27921198495
1.18918555044
1.18918555044
1.1892170459
1.1892170459
1.1892170459
1.1892170459
1.18918555044
1.00270298496
1.1892170459
1.18918555044
1.18918555044
1.18918555044
1.18918555044
1.18918555044
1.18918555044
1.18918555044
1.18918555044
1.18918555044
1.18918555044
1.18918555044
1.18918555044
1.18918555044
1.18918555044
1.18918555044
1.18918555044
1.18918555044
1.18918555044
1.27921198495
1.27921198495
1.27921198495
1.27921198495
1.1892170459
1.1892170459
1.1892170459
1.18918555044
1.18918555044
1.18918555044
1.18918555044
1.18918555044
1.18918555044
1.18918555044
1.18918555044
1.18918555044
1.18918555044
1.18918555044
1.18918555044
1.18918555044
1.18918555044
1.18918555044
1.18918555044
1.18918555044
1.18918555044
1.18918555044
1.18918555044
1.18918555044
1.18918555044
1.27921198495
1.27921198495
1.27921198495
1.27921198495
1.27921198495
1.27921198495
1.1892170459
1.1892170459
1.18918555044
1.18918555044
1.18918555044
1.18918555044
1.18918555044
1.18918555044
1.18918555044
1.18918555044
1.18918555044
1.18918555044
1.18918555044
1.18918555044
1.18918555044
1.18918555044
1.18918555044
1.18918555044
1.18918555044
1.18918555044
1.18918555044
1.27921198495
1.27921198495
1.27921198495
1.1892170459
1.1892170459
1.18918555044
1.18918555044
1.18918555044
1.18918555044
1.18918555044
1.18918555044
1.18918555044
1.18918555044
1.18918555044
1.18918555044
1.18918555044
1.18918555044
1.18918555044
1.18918555044
1.18918555044
1.18918555044
1.18918555044
1.18918555044
1.27921198495
1.27921198495
1.1892170459
1.1892170459
1.18918555044
1.18918555044
1.18918555044
1.18918555044
1.18918555044
1.18918555044
1.18918555044
1.18918555044
1.18918555044
1.18918555044
1.18918555044
1.18918555044
1.18918555044
1.18918555044
1.18918555044
1.18918555044
1.18918555044
1.18918555044
1.27921198495
1.27921198495
1.27921198495
1.18918555044
1.18918555044
1.18918555044
1.18918555044
1.18918555044
1.18918555044
1.18918555044
1.18918555044
1.18918555044
1.18918555044
1.18918555044
1.18918555044
1.27921198495
1.27921198495
1.1892170459
1.1892170459
1.1892170459
1.1892170459
1.1892170459
1.18918555044
1.18918555044
1.18918555044
1.18918555044
1.18918555044
1.18918555044
1.18918555044
1.27921198495
1.1892170459
0.418717507273
1.18918555044
1.18918555044
1.18918555044
1.18918555044
1.18918555044
1.18918555044
1.18918555044
1.18918555044
1.27921198495
1.27921198495
1.1892170459
1.1892170459
1.1892170459
1.1892170459
1.18918555044
1.18918555044
1.18918555044
1.18918555044
1.18918555044
1.18918555044
0.443171491846
1.18918555044
1.18918555044
1.18918555044
1.27921198495
1.1892170459
1.1892170459
1.1892170459
1.18918555044
1.18918555044
1.18918555044
1.18918555044
1.18918555044
1.27921198495
1.27921198495
1.18918555044
1.18918555044
1.18918555044
1.18918555044
1.18918555044
1.18918555044
0.3288469892
1.18918555044
1.18918555044
1.27921198495
1.1892170459
1.1892170459
1.18918555044
1.18918555044
1.18918555044
1.18918555044
1.18918555044
1.18918555044
1.18918555044
1.18918555044
1.18918555044
1.18918555044
1.27921198495
1.27921198495
1.27921198495
1.18918555044
1.18918555044
1.18918555044
1.18918555044
