0.279571503401
0.255088984966
0.28774151206
0.333667486906
0.265758991241
0.266206502914
0.406026005745
0.352818995714
0.307497501373
0.321787983179
0.295438498259
0.589661002159
0.504324495792
0.284421503544
0.383344501257
0.383832007647
0.428281486034
0.439103484154
0.264166980982
0.45852202177
0.45419549942
0.285086989403
0.46385499835
0.496279507875
0.304886996746
0.291530489922
0.266173481941
0.506156980991
0.316824495792
0.286720991135
0.389967501163
0.314891993999
0.455042988062
0.318112015724
0.484032988548
0.510480523109
0.256042480469
0.256411999464
0.253158003092
0.271445006132
0.629117965698
0.443966031075
0.308345019817
0.26083150506
0.400974005461
0.251709997654
0.570342481136
0.310860991478
0.303028523922
0.356537997723
0.605087995529
0.346123993397
0.26193100214
0.254622995853
0.291996508837
0.382164001465
0.413144499063
0.320503503084
0.252137005329
0.265996009111
0.310458004475
0.252676993608
0.38567250967
0.391193509102
0.339026480913
0.336048513651
0.482116997242
0.478422999382
0.351416498423
0.450125992298
0.27373200655
0.330419510603
0.485340476036
0.252224504948
0.529125034809
0.327876985073
0.360220015049
0.262513011694
0.336087495089
0.326824486256
0.320594489574
0.254666984081
0.443219512701
0.30912950635
0.257436484098
0.358122497797
0.323854506016
0.321964979172
0.447474002838
0.263348519802
0.288358002901
0.392916500568
0.251298487186
0.333072513342
0.271236002445
0.408189505339
0.27531349659
0.343100011349
0.282101988792
0.462354004383
0.286146014929
0.443950504065
0.30556049943
0.284462988377
0.349529027939
0.263226985931
0.250042498112
0.327727973461
0.373824983835
0.44897300005
0.376592516899
0.273030489683
0.430108517408
0.283275991678
0.311770498753
0.31425049901
0.25237300992
0.299926996231
0.42976000905
0.550752520561
0.273554503918
0.255773991346
0.2508289814
0.262322485447
0.431140005589
0.320156514645
0.554130971432
0.29308450222
0.308176994324
0.256011009216
0.573805987835
0.416150987148
0.311702013016
0.301461488008
0.265119999647
0.392480492592
0.300445497036
0.299233496189
0.290086001158
0.443807005882
0.324424505234
0.389412492514
0.260275006294
0.280055522919
0.267338514328
0.383998483419
0.31454449892
0.272617995739
0.259263008833
0.30676651001
0.334608495235
0.368695497513
0.356334507465
0.259054005146
0.251551985741
0.255351990461
0.41099947691
0.288663506508
0.383561491966
0.317901015282
0.538389980793
0.267727017403
0.450013011694
0.292897999287
0.391958504915
0.35523301363
0.29794049263
0.303970992565
0.258527487516
0.323601007462
0.272626012564
0.254749000072
0.262984514236
0.259682506323
0.254145979881
0.39923748374
0.322717487812
0.285297513008
0.308005005121
0.288612991571
0.255177497864
0.350205481052
0.266112983227
0.288855016232
0.286127507687
0.273779988289
0.25033301115
0.26017999649
0.28166398406
0.354609489441
0.261674493551
0.371633499861
0.401901006699
0.322353482246
0.322835028172
0.339071005583
0.285264492035
0.274686008692
0.307340502739
0.273356020451
0.271671503782
0.308450013399
0.283666491508
0.263389497995
0.327248990536
0.301526993513
0.308986008167
0.25443148613
0.316026002169
0.253948509693
0.318581491709
0.300616502762
0.294268995523
0.257790505886
0.28111448884
0.283201515675
0.258769989014
0.29915201664
0.288316011429
0.414543002844
0.316361486912
0.316466510296
0.310581505299
0.335865497589
0.418383002281
0.252063512802
0.266283005476
0.57770049572
0.258774489164
0.284424513578
0.252440989017
0.321348488331
0.354525983334
0.347025513649
0.307354003191
0.289820998907
0.302155017853
0.253643989563
0.275220006704
0.250482976437
0.262160003185
0.336719512939
0.301470994949
0.273783504963
0.252614498138
0.293047487736
0.273638010025
0.256053507328
0.274297505617
0.27882450819
0.252864003181
0.339351505041
0.26339200139
0.251054495573
0.271800488234
0.276856005192
0.270299494267
0.257941484451
0.279401987791
0.255248516798
0.360949516296
0.262990504503
0.346334517002
0.291844010353
0.286480516195
0.293487012386
0.30605250597
0.29685100913
0.327746510506
0.327528476715
0.412856996059
0.261972516775
0.288275510073
0.377840995789
0.290854990482
0.296365499496
0.427159488201
0.251148998737
0.309799015522
0.345493525267
0.426362514496
0.362791508436
0.306479990482
0.332003504038
0.273162990808
0.319271504879
0.299248993397
0.392961502075
0.270126998425
0.287030994892
0.263859510422
0.257396489382
0.368490487337
0.389150500298
0.269403994083
0.307536005974
0.335510492325
0.336259007454
0.378606498241
0.281473994255
0.322508990765
0.252285003662
0.279816001654
0.270370006561
0.275279998779
0.270346492529
0.48550850153
0.418733477592
0.370333015919
0.288136988878
0.264332979918
0.279854506254
0.30448949337
0.28122100234
0.292715996504
0.251251488924
0.403487980366
0.281311988831
0.330943495035
0.351819515228
0.341991484165
0.308221489191
0.573258519173
0.344859004021
0.34726446867
0.286331504583
0.297960013151
0.2682479918
0.265527486801
0.252063989639
0.295493990183
0.27561300993
0.309985995293
0.268493503332
0.399191498756
0.387531012297
0.270842015743
0.250990003347
0.469171494246
0.53382652998
0.299627006054
0.313739001751
0.385653018951
0.333848506212
0.266257494688
0.263781487942
0.300475001335
0.368431508541
0.452319502831
0.323375016451
0.332936495543
