0.112884
0.208572
0.110575
0.110514
0.168975
0.109252
0.114358
0.111018
0.113183
0.11292
0.119396
0.113777
0.122916
0.111249
0.10633
0.097266
0.252542
0.112987
0.111393
0.106149
0.111585
0.111153
0.14576
0.113312
0.113676
0.104385
0.117735
0.212485
0.112659
0.236911
0.111531
0.109909
0.110111
0.109732
0.112329
0.110939
0.112775
0.313316
0.097342
0.218842
0.111218
0.328375
0.173724
0.120841
0.108335
0.112853
0.116342
0.336134
0.11087
0.251691
0.096262
0.23546
0.251726
0.208377
0.343207
0.113317
0.214014
0.39597
0.112241
0.090849
0.2095
0.27566
0.103919
0.082456
0.108301
0.204206
0.18715
0.506471
0.272057
0.499388
0.11013
0.38045
0.184077
0.294254
0.111767
0.222924
0.108635
0.110507
0.109345
0.307529
0.110622
0.112237
0.365035
0.466713
0.111784
0.093607
0.157443
0.106976
0.125976
0.272446
0.209174
0.12006
0.259949
0.111926
0.362002
0.114597
0.148283
0.120451
0.331254
0.087416
0.108802
0.109874
0.209081
0.186093
0.171855
0.212915
0.152436
0.109606
0.110334
0.112426
0.108574
0.12224
0.118493
0.113245
0.120656
0.294238
0.090353
0.119506
0.378019
0.154244
0.191301
0.116819
0.17951
0.108504
0.206253
0.110854
0.084083
0.113635
0.216622
0.257042
0.111051
0.293393
0.136704
0.245692
0.16175
0.555932
0.109057
0.096141
0.111905
0.605338
0.111862
0.111508
0.141412
0.261512
0.109177
0.110612
0.168613
0.111398
0.111273
0.235005
0.192402
0.11223
0.109837
0.278374
0.150217
0.115183
0.111375
0.207793
0.286601
0.430806
0.095879
0.123112
0.109972
0.108326
0.105462
0.1291
0.121128
0.109017
0.266717
0.392243
0.227951
0.249367
0.109851
0.372008
0.231013
0.080009
0.110809
0.29403
0.125523
0.109166
0.113955
0.111762
0.398771
0.110896
0.110882
0.116007
0.108721
0.109763
0.111346
0.177066
0.301632
0.146385
0.096203
0.084636
0.112178
0.171432
0.127521
0.105792
0.110996
0.108825
0.110913
0.117687
0.432629
0.353887
0.517294
0.109703
0.111785
0.250837
0.138893
0.122863
0.069443
0.088535
0.133044
0.110988
0.336132
0.107406
0.110316
0.114041
0.110898
0.61885
0.172252
0.409087
0.089885
0.110717
0.148965
0.110965
0.105023
0.203479
0.110153
0.239471
0.134463
0.294782
0.110411
0.385911
0.201749
0.111985
0.10474
0.108519
0.424099
0.218247
0.106665
0.112235
0.132788
0.284014
0.124316
0.207689
0.287025
0.11197
0.111288
0.117588
0.249329
0.117585
0.095984
0.083119
0.110933
0.199507
0.11411
0.203494
0.20695
0.101959
0.10829
0.236275
0.261401
0.109907
0.111069
0.148859
0.114643
0.153643
0.119472
0.124195
0.112489
0.102534
0.141685
0.348085
0.343266
0.35139
0.122518
0.258139
0.166502
0.114772
0.396762
0.141805
0.272277
0.215052
0.109614
0.115592
0.146416
0.111728
0.11101
0.109793
0.318513
0.107823
0.115752
0.28025
0.132327
0.109576
0.104285
0.118806
0.116449
0.11094
0.114878
0.141329
0.29559
0.108625
0.113701
0.110185
0.154701
0.365733
0.113236
0.376346
0.110484
0.242578
0.075585
0.159044
0.10516
0.279501
0.107995
0.35079
0.205943
0.396227
0.132509
0.093412
0.271883
0.431418
0.141695
0.380895
0.110786
0.110369
0.111001
0.243452
0.111885
0.183482
0.104322
0.098134
0.125386
0.195967
0.110921
0.112085
0.107642
0.112156
0.409752
0.218975
0.136551
0.111475
0.283546
0.300364
0.243109
0.111325
0.110637
0.110264
0.202491
