0.446259
0.301606
0.464908
0.556821
0.362543
0.423161
0.697694
0.59462
0.501812
0.530656
0.471481
1.06554
0.885733
0.457594
0.660359
0.670398
0.604021
0.76522
0.416941
0.810895
0.796806
0.459021
0.78195
0.879247
0.496098
0.478676
0.414612
0.799829
0.52099
0.336531
0.668404
0.519875
0.799975
0.526492
0.855737
0.910022
0.39931
0.199508
0.408974
0.324048
1.14702
0.559557
0.442966
0.400822
0.693613
0.390567
1.02434
0.285588
0.495187
0.461385
1.11391
0.456788
0.272136
0.300869
0.240786
0.651011
0.612275
0.245037
0.392033
0.441143
0.411416
0.229694
0.667426
0.699931
0.569752
0.467891
0.777084
0.450375
0.430776
0.400864
0.437334
0.280389
0.786604
0.210195
0.946483
0.43283
0.611805
0.414519
0.56283
0.34612
0.530567
0.397097
0.521404
0.151546
0.403089
0.622638
0.490266
0.536954
0.768972
0.254251
0.367542
0.665773
0.242648
0.554219
0.18047
0.701782
0.402344
0.565749
0.23295
0.837292
0.46349
0.778027
0.40204
0.382833
0.527203
0.313539
0.347649
0.54585
0.637316
0.78552
0.644611
0.423821
0.741724
0.453307
0.502885
0.334263
0.414393
0.480348
0.481501
0.947261
0.355808
0.394729
0.322148
0.416141
0.656027
0.529459
1.02418
0.472534
0.399732
0.25498
1.03656
0.538909
0.4867
0.357231
0.36849
0.229029
0.491834
0.502326
0.468267
0.282276
0.536987
0.667317
0.379138
0.298599
0.4255
0.657385
0.460476
0.433838
0.407253
0.378528
0.476815
0.625161
0.602832
0.239734
0.352887
0.395521
0.710624
0.369534
0.480522
0.204996
0.980901
0.412342
0.790054
0.47747
0.678455
0.581366
0.474753
0.498925
0.250338
0.254959
0.317301
0.260131
0.416118
0.147357
0.277279
0.718466
0.534626
0.276565
0.490487
0.46806
0.3964
0.588649
0.133455
0.466814
0.461373
0.431553
0.391945
0.410597
0.451982
0.532153
0.221717
0.596882
0.707599
0.560071
0.533492
0.50671
0.443008
0.44358
0.503685
0.437887
0.43243
0.499213
0.134704
0.172892
0.137204
0.493351
0.506187
0.258026
0.493159
0.385034
0.56772
0.512698
0.455494
0.404593
0.226097
0.458997
0.407224
0.484263
0.465734
0.210236
0.460471
0.223846
0.531278
0.561014
0.687801
0.393162
0.427543
0.951922
0.407396
0.329378
0.370419
0.347915
0.598641
0.30814
0.412959
0.467657
0.49957
0.398769
0.126341
0.282719
0.417655
0.561204
0.470154
0.263553
0.380913
0.378406
0.260251
0.400137
0.437307
0.440061
0.256399
0.561118
0.4308
0.41899
0.432668
0.354205
0.426489
0.312389
0.351854
0.408538
0.613609
0.289706
0.431268
0.473781
0.461892
0.438115
0.497462
0.440059
0.536021
0.530862
0.713225
0.421411
0.434866
0.407597
0.238444
0.241341
0.731801
0.244159
0.453096
0.576215
0.455963
0.583778
0.340683
0.448955
0.436712
0.522951
0.452082
0.674195
0.429244
0.464269
0.209206
0.40697
0.621229
0.498051
0.406481
0.505496
0.566736
0.553712
0.640764
0.452008
0.53014
0.363241
0.264042
0.432115
0.436859
0.430508
0.816316
0.471734
0.62743
0.199928
0.418182
0.317131
0.533394
0.403398
0.480272
0.223002
0.698981
0.211834
0.455944
0.307412
0.551474
0.523031
0.874634
0.2583
0.552834
0.191768
0.485134
0.426127
0.420054
0.260676
0.479103
0.367744
0.51565
0.438853
0.672997
0.579095
0.430763
0.389895
0.830701
0.955497
0.189502
0.408503
0.634755
0.556222
0.248969
0.227199
0.357841
0.625538
0.794002
0.536486
0.463382
