0.33032399416
0.33032399416
0.33032399416
0.33032399416
0.33032399416
0.33032399416
0.33032399416
0.33032399416
0.33032399416
0.33032399416
0.33032399416
0.33032399416
0.33032399416
0.33032399416
0.33032399416
0.33032399416
0.33032399416
0.33032399416
0.33032399416
0.33032399416
0.33032399416
0.33032399416
0.33032399416
0.33032399416
0.33032399416
0.33032399416
0.33032399416
0.33032399416
0.33032399416
0.33032399416
0.33032399416
0.33032399416
0.33032399416
0.33032399416
0.33032399416
0.33032399416
0.33032399416
0.33032399416
0.33032399416
0.33032399416
0.33032399416
0.33032399416
0.33032399416
0.33032399416
0.33032399416
0.33032399416
0.33032399416
0.33032399416
0.33032399416
0.33032399416
0.33032399416
0.33032399416
0.33032399416
0.33032399416
0.33032399416
0.33032399416
0.33032399416
0.33032399416
0.33032399416
0.33032399416
0.33032399416
0.33032399416
0.33032399416
0.33032399416
0.33032399416
0.33032399416
0.33032399416
0.33032399416
0.33032399416
0.33032399416
0.33032399416
0.33032399416
0.391819000244
0.33032399416
0.207971006632
0.391819000244
0.33032399416
0.207971006632
0.207971006632
0.33032399416
0.33032399416
0.207971006632
0.207971006632
0.33032399416
0.207971006632
0.207971006632
0.207971006632
0.207971006632
0.207971006632
0.207971006632
0.207971006632
0.207971006632
0.207971006632
0.207971006632
0.207971006632
0.207971006632
0.207971006632
0.207971006632
0.207971006632
0.207971006632
0.207971006632
0.207971006632
0.207971006632
0.207971006632
0.207971006632
0.207971006632
0.207971006632
0.207971006632
0.207971006632
0.207971006632
0.207971006632
0.207971006632
0.207971006632
0.222972005606
0.222972005606
0.225190997124
0.225190997124
0.225190997124
0.225190997124
0.202262997627
0.202262997627
0.202262997627
0.202262997627
0.202262997627
0.202262997627
0.202262997627
0.296225011349
0.296225011349
0.296225011349
0.296225011349
0.296225011349
0.296225011349
0.296225011349
0.296225011349
0.296225011349
0.296225011349
0.296225011349
0.296225011349
0.296225011349
0.296225011349
0.296225011349
0.296225011349
0.296225011349
0.296225011349
0.296225011349
0.296225011349
0.296225011349
0.296225011349
0.296225011349
0.296225011349
0.296225011349
0.296225011349
0.296225011349
0.296225011349
0.296225011349
0.296225011349
0.296225011349
0.296225011349
0.296225011349
0.296225011349
0.296225011349
0.296225011349
0.296225011349
0.296225011349
0.296225011349
0.296225011349
0.20404599607
0.296225011349
0.207183003426
0.296225011349
0.296225011349
0.296225011349
0.296225011349
0.296225011349
0.296225011349
0.296225011349
0.296225011349
0.296225011349
0.296225011349
0.296225011349
0.296225011349
0.296225011349
0.296225011349
0.296225011349
0.296225011349
0.296225011349
0.296225011349
0.296225011349
0.296225011349
0.296225011349
0.296225011349
0.296225011349
0.296225011349
0.296225011349
0.296225011349
0.296225011349
0.296225011349
0.296225011349
0.296225011349
0.296225011349
0.296225011349
0.296225011349
0.296225011349
0.296225011349
0.296225011349
0.296225011349
0.296225011349
0.296225011349
0.296225011349
0.296225011349
0.296225011349
0.296225011349
0.296225011349
0.296225011349
0.296225011349
0.296225011349
0.296225011349
0.296225011349
0.296225011349
0.296225011349
0.296225011349
0.296225011349
0.296225011349
0.296225011349
0.296225011349
0.296225011349
0.296225011349
0.296225011349
0.296225011349
0.296225011349
0.296225011349
0.296225011349
0.236688002944
0.296225011349
0.296225011349
0.296225011349
0.296225011349
0.296225011349
0.296225011349
0.296225011349
0.296225011349
0.296225011349
0.296225011349
0.296225011349
0.296225011349
0.296225011349
0.296225011349
0.296225011349
0.296225011349
0.296225011349
0.296225011349
0.296225011349
0.296225011349
0.296225011349
0.296225011349
0.296225011349
0.296225011349
0.296225011349
0.296225011349
0.296225011349
0.296225011349
0.296225011349
0.296225011349
0.296225011349
0.296225011349
0.296225011349
0.296225011349
0.296225011349
0.296225011349
0.296225011349
0.296225011349
0.296225011349
0.296225011349
0.296225011349
0.296225011349
0.296225011349
0.296225011349
0.296225011349
0.296225011349
0.296225011349
0.296225011349
0.296225011349
0.296225011349
0.296225011349
0.296225011349
0.296225011349
0.296225011349
0.296225011349
0.296225011349
0.296225011349
0.296225011349
0.296225011349
0.296225011349
0.296225011349
0.296225011349
0.296225011349
0.296225011349
0.296225011349
0.296225011349
0.296225011349
0.296225011349
0.296225011349
0.296225011349
0.296225011349
0.296225011349
0.296225011349
0.296225011349
0.296225011349
0.296225011349
0.296225011349
0.296225011349
0.296225011349
0.296225011349
0.296225011349
0.296225011349
0.296225011349
0.296225011349
0.296225011349
0.296225011349
0.296225011349
0.296225011349
0.296225011349
0.296225011349
0.296225011349
0.296225011349
0.296225011349
0.296225011349
0.228376999497
0.296225011349
0.296225011349
0.296225011349
0.296225011349
0.296225011349
0.296225011349
0.296225011349
0.296225011349
0.296225011349
0.296225011349
0.296225011349
0.296225011349
0.296225011349
0.296225011349
0.296225011349
0.296225011349
0.296225011349
0.296225011349
0.296225011349
0.296225011349
0.296225011349
0.296225011349
0.296225011349
0.296225011349
0.296225011349
0.296225011349
0.296225011349
0.296225011349
0.296225011349
0.296225011349
0.296225011349
0.296225011349
0.296225011349
0.296225011349
0.296225011349
0.296225011349
0.296225011349
0.296225011349
0.296225011349
0.296225011349
0.296225011349
0.296225011349
0.296225011349
0.296225011349
0.296225011349
0.296225011349
0.296225011349
0.296225011349
0.296225011349
0.296225011349
0.296225011349
0.296225011349
0.296225011349
0.296225011349
0.296225011349
0.296225011349
0.296225011349
0.296225011349
0.296225011349
0.296225011349
0.296225011349
0.296225011349
0.296225011349
0.296225011349
0.296225011349
0.296225011349
0.296225011349
0.296225011349
0.296225011349
0.296225011349
0.296225011349
0.296225011349
0.296225011349
0.296225011349
0.296225011349
0.296225011349
0.296225011349
0.296225011349
0.296225011349
0.296225011349
0.296225011349
0.296225011349
0.296225011349
0.296225011349
0.296225011349
0.296225011349
0.296225011349
0.296225011349
0.296225011349
0.296225011349
0.296225011349
0.296225011349
0.296225011349
0.296225011349
0.296225011349
0.296225011349
0.296225011349
0.296225011349
0.296225011349
0.296225011349
0.296225011349
0.296225011349
0.296225011349
0.296225011349
0.296225011349
0.296225011349
0.296225011349
0.296225011349
0.296225011349
0.296225011349
0.296225011349
0.296225011349
0.296225011349
0.296225011349
0.296225011349
0.296225011349
0.296225011349
0.296225011349
0.296225011349
0.296225011349
0.296225011349
0.296225011349
0.220320999622
0.296225011349
0.296225011349
0.296225011349
0.296225011349
0.296225011349
0.296225011349
0.296225011349
0.296225011349
0.296225011349
0.296225011349
0.296225011349
0.296225011349
0.296225011349
0.296225011349
0.296225011349
0.296225011349
0.296225011349
0.296225011349
0.296225011349
0.296225011349
0.296225011349
0.296225011349
0.296225011349
0.296225011349
0.296225011349
0.296225011349
0.296225011349
0.296225011349
0.296225011349
0.296225011349
0.296225011349
0.296225011349
0.296225011349
0.296225011349
0.296225011349
0.296225011349
0.296225011349
0.296225011349
0.296225011349
0.296225011349
0.296225011349
0.296225011349
0.296225011349
0.296225011349
0.296225011349
0.296225011349
0.296225011349
0.296225011349
0.296225011349
0.296225011349
0.296225011349
0.296225011349
0.296225011349
0.296225011349
0.296225011349
0.296225011349
0.296225011349
0.233219996095
0.296225011349
0.296225011349
0.296225011349
0.296225011349
0.296225011349
0.296225011349
0.296225011349
0.296225011349
0.296225011349
0.220318004489
0.296225011349
0.296225011349
0.296225011349
0.258931010962
0.296225011349
0.296225011349
0.296225011349
0.296225011349
0.296225011349
0.296225011349
0.296225011349
0.296225011349
0.296225011349
0.296225011349
0.296225011349
0.296225011349
0.296225011349
0.296225011349
0.296225011349
0.296225011349
0.296225011349
0.296225011349
0.296225011349
0.296225011349
0.296225011349
0.296225011349
0.24799400568
0.296225011349
0.296225011349
0.296225011349
0.296225011349
0.296225011349
0.296225011349
0.296225011349
0.296225011349
0.296225011349
0.296225011349
0.214946001768
0.296225011349
0.296225011349
0.296225011349
0.296225011349
0.296225011349
0.296225011349
0.296225011349
0.296225011349
0.296225011349
0.296225011349
0.296225011349
0.296225011349
0.296225011349
0.296225011349
0.296225011349
0.296225011349
0.296225011349
0.296225011349
0.296225011349
0.296225011349
0.296225011349
0.296225011349
0.296225011349
0.296225011349
0.296225011349
0.296225011349
0.296225011349
0.296225011349
0.296225011349
0.296225011349
0.296225011349
0.296225011349
0.296225011349
0.296225011349
0.296225011349
0.296225011349
0.296225011349
0.296225011349
0.296225011349
0.296225011349
0.296225011349
0.296225011349
0.296225011349
0.296225011349
0.296225011349
0.296225011349
0.296225011349
0.296225011349
0.296225011349
0.296225011349
0.296225011349
0.296225011349
0.296225011349
0.296225011349
0.296225011349
0.296225011349
0.296225011349
0.296225011349
0.296225011349
0.296225011349
0.27618598938
0.296225011349
0.296225011349
0.296225011349
0.296225011349
0.296225011349
0.296225011349
0.296225011349
0.296225011349
0.296225011349
0.296225011349
0.296225011349
0.296225011349
0.296225011349
0.296225011349
0.296225011349
0.296225011349
0.296225011349
0.296225011349
0.296225011349
0.296225011349
0.296225011349
0.296225011349
0.296225011349
0.296225011349
0.296225011349
0.296225011349
0.296225011349
0.296225011349
0.296225011349
0.296225011349
0.296225011349
0.296225011349
0.296225011349
0.296225011349
0.296225011349
0.296225011349
0.296225011349
0.296225011349
0.296225011349
0.296225011349
0.296225011349
0.296225011349
0.296225011349
0.296225011349
0.296225011349
0.296225011349
0.296225011349
0.296225011349
0.296225011349
0.296225011349
0.296225011349
0.296225011349
0.216702997684
0.296225011349
0.296225011349
0.296225011349
0.296225011349
0.296225011349
0.296225011349
0.296225011349
0.296225011349
0.296225011349
0.296225011349
0.296225011349
0.296225011349
0.296225011349
0.296225011349
0.296225011349
0.296225011349
0.296225011349
0.296225011349
0.296225011349
0.296225011349
0.296225011349
0.296225011349
0.296225011349
0.296225011349
0.296225011349
0.296225011349
0.296225011349
0.296225011349
0.296225011349
0.296225011349
0.296225011349
0.296225011349
0.296225011349
0.296225011349
0.296225011349
0.296225011349
0.296225011349
0.296225011349
0.296225011349
0.296225011349
0.296225011349
0.296225011349
0.296225011349
0.296225011349
0.296225011349
0.296225011349
0.296225011349
0.296225011349
0.296225011349
0.296225011349
0.296225011349
0.296225011349
0.296225011349
0.296225011349
0.296225011349
0.296225011349
0.296225011349
0.296225011349
0.296225011349
0.296225011349
0.296225011349
0.296225011349
0.296225011349
0.296225011349
0.296225011349
0.296225011349
0.296225011349
0.296225011349
0.296225011349
0.296225011349
0.296225011349
0.296225011349
0.296225011349
0.239942997694
0.296225011349
0.296225011349
0.296225011349
0.296225011349
0.296225011349
0.311280995607
0.296225011349
0.311280995607
0.296225011349
0.296225011349
0.296225011349
0.296225011349
0.296225011349
0.296225011349
0.311280995607
0.296225011349
0.296225011349
0.296225011349
0.296225011349
0.311280995607
0.296225011349
0.296225011349
0.296225011349
0.296225011349
0.20236800611
0.296225011349
0.296225011349
0.311280995607
0.311280995607
0.311280995607
0.311280995607
0.296225011349
0.296225011349
0.296225011349
0.296225011349
0.296225011349
0.296225011349
0.296225011349
0.296225011349
0.311280995607
0.296225011349
0.296225011349
0.284352004528
0.296225011349
0.311280995607
0.311280995607
0.296225011349
0.296225011349
0.296225011349
0.296225011349
0.296225011349
0.296225011349
0.311280995607
0.296225011349
0.296225011349
0.296225011349
0.296225011349
0.296225011349
0.254680991173
0.311280995607
0.311280995607
0.296225011349
0.296225011349
0.225261002779
0.311280995607
0.296225011349
0.296225011349
0.296225011349
0.296225011349
0.296225011349
0.311280995607
0.311280995607
0.311280995607
0.296225011349
0.296225011349
0.296225011349
0.26466101408
0.296225011349
0.311280995607
0.296225011349
0.296225011349
0.296225011349
0.296225011349
0.296225011349
0.296225011349
0.311280995607
0.311280995607
0.311280995607
0.296225011349
0.296225011349
0.296225011349
0.296225011349
0.296225011349
0.296225011349
0.296225011349
0.311280995607
0.311280995607
0.311280995607
0.311280995607
0.311280995607
0.296225011349
0.296225011349
0.296225011349
0.296225011349
0.296225011349
0.248302996159
0.296225011349
0.296225011349
0.296225011349
0.296225011349
0.296225011349
0.296225011349
0.285135000944
0.311280995607
0.311280995607
0.311280995607
0.311280995607
0.311280995607
0.311280995607
0.311280995607
0.296225011349
0.296225011349
0.296225011349
0.296225011349
0.296225011349
0.296225011349
0.296225011349
0.296225011349
0.311280995607
0.311280995607
0.311280995607
0.296225011349
0.296225011349
0.296225011349
0.296225011349
0.296225011349
0.311280995607
0.311280995607
0.311280995607
0.296225011349
0.296225011349
0.296225011349
0.296225011349
0.296225011349
0.296225011349
0.311280995607
0.311280995607
0.311280995607
0.311280995607
0.296225011349
0.296225011349
0.296225011349
0.296225011349
0.296225011349
0.296225011349
0.296225011349
0.2537330091
0.296225011349
0.296225011349
0.296225011349
0.296225011349
0.296225011349
0.311280995607
0.311280995607
0.311280995607
0.311280995607
0.296225011349
0.296225011349
0.296225011349
0.296225011349
0.296225011349
0.296225011349
0.296225011349
0.296225011349
0.296225011349
0.296225011349
0.296225011349
0.296225011349
0.311280995607
0.311280995607
0.311280995607
0.311280995607
0.311280995607
0.311280995607
0.296225011349
0.296225011349
0.296225011349
0.296225011349
0.296225011349
0.296225011349
0.296225011349
0.296225011349
0.296225011349
0.296225011349
0.296225011349
0.296225011349
0.296225011349
0.296225011349
0.296225011349
0.296225011349
0.311280995607
0.311280995607
0.311280995607
0.296225011349
0.296225011349
0.205507993698
0.296225011349
0.296225011349
0.311280995607
0.311280995607
0.311280995607
0.296225011349
0.296225011349
0.296225011349
0.296225011349
0.296225011349
0.296225011349
0.311280995607
0.311280995607
0.311280995607
0.311280995607
0.311280995607
0.296225011349
0.296225011349
0.296225011349
0.296225011349
0.296225011349
0.296225011349
0.296225011349
0.311280995607
0.254171013832
0.311280995607
0.311280995607
0.296225011349
0.296225011349
0.296225011349
0.311280995607
0.311280995607
0.311280995607
0.287784993649
0.296225011349
0.296225011349
0.296225011349
0.296225011349
0.296225011349
0.296225011349
0.296225011349
0.296225011349
0.296225011349
0.296225011349
0.311280995607
0.311280995607
0.296225011349
0.296225011349
0.296225011349
0.296225011349
0.311280995607
0.311280995607
0.311280995607
0.296225011349
0.296225011349
0.296225011349
0.296225011349
0.296225011349
0.296225011349
0.296225011349
0.311280995607
0.311280995607
0.311280995607
0.296225011349
0.311280995607
0.311280995607
0.311280995607
0.311280995607
0.296225011349
0.296225011349
0.296225011349
0.296225011349
0.296225011349
0.296225011349
0.311280995607
0.311280995607
0.296225011349
0.296225011349
0.311280995607
0.311280995607
0.311280995607
0.296225011349
0.296225011349
0.296225011349
0.311280995607
0.311280995607
0.296225011349
0.296225011349
0.311280995607
0.311280995607
0.296225011349
0.296225011349
0.296225011349
0.296225011349
0.296225011349
0.311280995607
0.311280995607
0.311280995607
0.296225011349
0.296225011349
0.296225011349
0.311280995607
0.311280995607
0.272753000259
0.296225011349
0.296225011349
0.296225011349
0.296225011349
0.296225011349
0.311280995607
0.311280995607
0.311280995607
0.311280995607
0.296225011349
0.296225011349
0.296225011349
0.311280995607
0.311280995607
0.311280995607
0.296225011349
0.296225011349
0.311280995607
0.311280995607
0.296225011349
0.296225011349
0.296225011349
0.296225011349
0.296225011349
0.296225011349
0.311280995607
0.311280995607
0.311280995607
0.311280995607
0.296225011349
0.296225011349
0.296225011349
0.296225011349
0.296225011349
0.311280995607
0.311280995607
0.311280995607
0.311280995607
0.311280995607
0.296225011349
0.296225011349
0.296225011349
0.296225011349
0.296225011349
0.311280995607
0.311280995607
0.311280995607
0.296225011349
0.296225011349
0.296225011349
0.296225011349
0.311280995607
0.311280995607
0.311280995607
0.311280995607
0.296225011349
0.296225011349
0.311280995607
0.255818009377
0.255818009377
0.255818009377
0.255818009377
0.255818009377
0.255818009377
0.263657003641
0.255818009377
0.255818009377
0.255818009377
0.255818009377
0.255818009377
0.255818009377
0.255818009377
0.255818009377
0.255818009377
0.263657003641
0.263657003641
0.263657003641
0.263657003641
0.255818009377
0.255818009377
0.255818009377
0.255818009377
0.255818009377
0.255818009377
0.263657003641
0.263657003641
0.263657003641
0.257966995239
0.263657003641
0.255818009377
0.255818009377
0.255818009377
0.255818009377
0.255818009377
0.263657003641
0.263657003641
0.263657003641
0.255818009377
0.255818009377
0.255818009377
0.263657003641
0.263657003641
0.255818009377
0.255818009377
0.255818009377
0.263657003641
0.263657003641
0.255818009377
0.255818009377
0.255818009377
0.263657003641
0.263657003641
0.263657003641
0.263657003641
0.255818009377
0.255818009377
0.255818009377
0.255818009377
0.263657003641
0.263657003641
0.255818009377
0.263657003641
0.263657003641
0.255818009377
0.255818009377
0.255818009377
0.255818009377
0.263657003641
0.263657003641
0.263657003641
0.255818009377
0.255818009377
0.255818009377
0.255818009377
0.263657003641
0.255818009377
0.210036993027
0.263657003641
0.255818009377
0.255818009377
0.263657003641
0.210036993027
0.210036993027
0.263657003641
0.263657003641
0.263657003641
0.263657003641
0.263657003641
0.263657003641
0.263657003641
0.263657003641
0.263657003641
0.263657003641
0.263657003641
0.263657003641
0.263657003641
0.263657003641
0.263657003641
0.263657003641
0.263657003641
0.263657003641
0.263657003641
0.263657003641
0.263657003641
0.263657003641
0.263657003641
0.263657003641
0.252629011869
0.252629011869
0.252629011869
0.252629011869
0.252629011869
0.252629011869
0.252629011869
0.252629011869
0.252629011869
0.252629011869
0.252629011869
0.252629011869
0.252629011869
0.252629011869
0.252629011869
0.252629011869
0.252629011869
0.252629011869
0.252629011869
0.252629011869
0.252629011869
0.252629011869
0.252629011869
0.252629011869
0.252629011869
0.214701995254
0.252629011869
0.252629011869
0.252629011869
0.252629011869
0.252629011869
0.252629011869
0.252629011869
0.252629011869
0.252629011869
0.252629011869
0.252629011869
0.252629011869
0.252629011869
0.252629011869
0.252629011869
0.252629011869
0.252629011869
0.252629011869
0.252629011869
0.252629011869
0.252629011869
0.252629011869
0.252629011869
0.252629011869
0.252629011869
0.252629011869
0.252629011869
0.252629011869
0.252629011869
0.252629011869
0.252629011869
0.252629011869
0.252629011869
0.252629011869
0.252629011869
0.252629011869
0.252629011869
0.252629011869
0.252629011869
0.252629011869
0.252629011869
0.252629011869
0.252629011869
0.252629011869
0.252629011869
0.252629011869
0.252629011869
0.252629011869
0.252629011869
0.252629011869
0.252629011869
0.252629011869
0.252629011869
0.252629011869
0.252629011869
0.252629011869
0.252629011869
0.252629011869
0.252629011869
0.252629011869
0.252629011869
0.252629011869
0.252629011869
0.252629011869
0.252629011869
0.252629011869
0.252629011869
0.252629011869
0.252629011869
0.252629011869
0.252629011869
0.252629011869
0.252629011869
0.252629011869
0.252629011869
0.252629011869
0.252629011869
0.252629011869
0.252629011869
0.252629011869
0.252629011869
0.252629011869
0.252629011869
0.252629011869
0.252629011869
0.252629011869
0.252629011869
0.252629011869
0.252629011869
0.252629011869
0.252629011869
0.252629011869
0.252629011869
0.252629011869
0.252629011869
0.252629011869
0.252629011869
0.252629011869
0.252629011869
0.252629011869
0.252629011869
0.252629011869
0.252629011869
0.252629011869
0.252629011869
0.252629011869
0.252629011869
0.252629011869
0.252629011869
0.252629011869
0.252629011869
0.252629011869
0.252629011869
0.252629011869
0.252629011869
0.252629011869
0.252629011869
0.252629011869
0.252629011869
0.252629011869
0.252629011869
0.252629011869
0.252629011869
0.252629011869
0.252629011869
0.252629011869
0.252629011869
0.252629011869
0.252629011869
0.252629011869
0.252629011869
0.252629011869
0.252629011869
0.252629011869
0.252629011869
0.252629011869
0.252629011869
0.252629011869
0.252629011869
0.252629011869
0.252629011869
0.252629011869
0.252629011869
0.252629011869
0.252629011869
0.252629011869
0.252629011869
0.252629011869
0.252629011869
0.252629011869
0.252629011869
0.252629011869
0.252629011869
0.260843992233
0.252629011869
0.252629011869
0.252629011869
0.252629011869
0.252629011869
0.252629011869
0.252629011869
0.252629011869
0.252629011869
0.252629011869
0.260843992233
0.260843992233
0.260843992233
0.260843992233
0.252629011869
0.252629011869
0.252629011869
0.252629011869
0.252629011869
0.252629011869
0.252629011869
0.252629011869
0.252629011869
0.252629011869
0.252629011869
0.260843992233
0.260843992233
0.260843992233
0.252629011869
0.252629011869
0.252629011869
0.252629011869
0.252629011869
0.252629011869
0.252629011869
0.252629011869
0.253354996443
0.252629011869
0.252629011869
0.260843992233
0.260843992233
0.260843992233
0.260843992233
0.260843992233
0.260843992233
0.252629011869
0.252629011869
0.252629011869
0.252629011869
0.252629011869
0.252629011869
0.253354996443
0.253354996443
0.253354996443
0.253354996443
0.253354996443
0.260843992233
0.296732008457
0.260843992233
0.260843992233
0.260843992233
0.260843992233
0.252629011869
0.252629011869
0.252629011869
0.252629011869
0.253354996443
0.253354996443
0.253354996443
0.296732008457
0.296732008457
0.260843992233
0.260843992233
0.260843992233
0.252629011869
0.252629011869
0.252629011869
0.252629011869
0.252629011869
0.252629011869
0.253354996443
0.253354996443
0.253354996443
0.253354996443
0.296732008457
0.260843992233
0.260843992233
0.260843992233
0.260843992233
0.252626985312
0.252629011869
0.252629011869
0.252629011869
0.252629011869
0.252629011869
0.252629011869
0.252629011869
0.253354996443
0.253354996443
0.253354996443
0.253354996443
0.253354996443
0.260843992233
0.260843992233
0.20928299427
0.260843992233
0.260843992233
0.260843992233
0.252629011869
0.252629011869
0.252629011869
0.253354996443
0.253354996443
0.253354996443
0.253354996443
0.260843992233
0.260843992233
0.260843992233
0.252629011869
0.252629011869
0.252629011869
0.252629011869
0.252629011869
0.252629011869
0.252629011869
0.252629011869
0.253354996443
0.253354996443
0.255823999643
0.253354996443
0.252629011869
0.252629011869
0.252629011869
0.252629011869
0.252629011869
0.260843992233
0.260843992233
0.260843992233
0.260843992233
0.252629011869
0.252629011869
0.252629011869
0.252629011869
0.252629011869
0.252629011869
0.255823999643
0.255823999643
0.255823999643
0.255823999643
0.252629011869
0.252629011869
0.252629011869
0.252629011869
0.252629011869
0.260843992233
0.260843992233
0.260843992233
0.260843992233
0.252629011869
0.252629011869
0.252629011869
0.255823999643
0.255823999643
0.252629011869
0.252629011869
0.252629011869
0.252629011869
0.252629011869
0.252629011869
0.252629011869
0.252629011869
0.252629011869
0.260843992233
0.260843992233
0.252629011869
0.260843992233
0.252629011869
0.252629011869
0.252629011869
0.252629011869
0.252629011869
0.255823999643
0.255823999643
0.255823999643
0.252629011869
0.252629011869
0.252629011869
0.252629011869
0.252629011869
0.252629011869
0.252629011869
0.260843992233
0.260843992233
0.260843992233
0.260843992233
0.252629011869
0.252629011869
0.252629011869
0.255823999643
0.255823999643
0.255823999643
0.252629011869
0.252629011869
0.252629011869
0.252629011869
0.252629011869
0.252629011869
0.252629011869
0.260843992233
0.260843992233
0.260843992233
0.255643993616
0.260843992233
0.260843992233
0.252629011869
0.252629011869
0.252629011869
0.252629011869
0.252629011869
0.252629011869
0.255823999643
0.255823999643
0.255823999643
0.255823999643
0.255823999643
0.255823999643
0.252629011869
0.252629011869
0.252629011869
0.252629011869
0.260843992233
0.260843992233
0.260843992233
0.252629011869
0.260843992233
0.260843992233
0.255823999643
0.255823999643
0.255823999643
0.255823999643
0.252629011869
0.252629011869
0.252629011869
0.260843992233
0.260843992233
0.260843992233
0.260843992233
0.260843992233
0.260843992233
0.260843992233
0.255823999643
0.252629011869
0.252629011869
0.252629011869
0.252629011869
0.252629011869
0.252629011869
0.260843992233
0.260843992233
0.252629011869
0.260843992233
0.255823999643
0.255823999643
0.255823999643
0.252629011869
0.252629011869
0.252629011869
0.252629011869
0.252629011869
0.252629011869
0.252629011869
0.260843992233
0.260843992233
0.260843992233
0.260843992233
0.260843992233
0.260843992233
0.255823999643
0.255823999643
0.255823999643
0.255823999643
0.252629011869
0.252629011869
0.252629011869
0.252629011869
0.252629011869
0.252629011869
0.260843992233
0.260843992233
0.260843992233
0.252629011869
0.248791992664
0.260843992233
0.260843992233
0.260843992233
0.260843992233
0.255823999643
0.255823999643
0.255823999643
0.255823999643
0.255823999643
0.255823999643
0.255823999643
0.255823999643
0.255823999643
0.252629011869
0.252629011869
0.252629011869
0.252629011869
0.252629011869
0.260843992233
0.260843992233
0.260843992233
0.260843992233
0.260843992233
0.255823999643
0.255823999643
0.255823999643
0.255823999643
0.255823999643
0.255823999643
0.252629011869
0.252629011869
0.252629011869
0.252629011869
0.252629011869
0.252629011869
0.242473006248
0.260843992233
0.260843992233
0.260843992233
0.260843992233
0.260843992233
0.260843992233
0.260843992233
0.255823999643
0.255823999643
0.255823999643
0.255823999643
0.255823999643
0.252629011869
0.252629011869
0.252629011869
0.252629011869
0.252629011869
0.252629011869
0.252629011869
0.260843992233
0.252629011869
0.260843992233
0.260843992233
0.260843992233
0.255823999643
0.255823999643
0.255823999643
0.255823999643
0.255823999643
0.252629011869
0.252629011869
0.252629011869
0.252629011869
0.260843992233
0.260843992233
0.260843992233
0.260843992233
0.260843992233
0.260843992233
0.260843992233
0.260843992233
0.260843992233
0.260843992233
0.260843992233
0.231087997556
0.255823999643
0.255823999643
0.255823999643
0.255823999643
0.255823999643
0.255823999643
0.255825012922
0.252629011869
0.252629011869
0.252629011869
0.252629011869
0.252629011869
0.260843992233
0.260843992233
0.260843992233
0.260843992233
0.260843992233
0.260843992233
0.231087997556
0.231087997556
0.255825012922
0.255825012922
0.255825012922
0.255825012922
0.255825012922
0.255825012922
0.260843992233
0.260843992233
0.260843992233
0.260843992233
0.260843992233
0.260843992233
0.260843992233
0.260843992233
0.231087997556
0.255825012922
0.255827993155
0.255825012922
0.255825012922
0.255825012922
0.260843992233
0.260843992233
0.260843992233
0.252595990896
0.260843992233
0.231087997556
0.255827993155
0.255827993155
0.255827993155
0.255827993155
0.255827993155
0.255827993155
0.260843992233
0.260843992233
0.260843992233
0.260843992233
0.260843992233
0.260843992233
0.260843992233
0.255827993155
0.255827993155
0.366434007883
0.255823999643
0.255827993155
0.255827993155
0.260843992233
0.260843992233
0.260843992233
0.251067996025
0.260843992233
0.252629011869
0.260843992233
0.252629011869
0.260843992233
0.260843992233
0.366434007883
0.366434007883
0.366434007883
0.366434007883
0.260843992233
0.260843992233
0.260843992233
0.260843992233
0.260843992233
0.260843992233
0.260843992233
0.260843992233
0.260843992233
0.260843992233
0.252629011869
0.366434007883
0.366434007883
0.366434007883
0.366434007883
0.366434007883
0.260843992233
0.260843992233
0.260843992233
0.260843992233
0.260843992233
0.260843992233
0.260843992233
0.260843992233
0.252629011869
0.260843992233
0.239681005478
0.366434007883
0.366434007883
0.366434007883
0.366434007883
0.366434007883
0.366434007883
0.366434007883
0.260843992233
0.260843992233
0.260843992233
0.260843992233
0.260843992233
0.260843992233
0.260843992233
0.260843992233
0.207820996642
0.260843992233
0.260843992233
0.304883986712
0.250306993723
0.366434007883
0.366434007883
0.366434007883
0.260843992233
0.260843992233
0.248468995094
0.260843992233
0.252629011869
0.260843992233
0.260843992233
0.260843992233
0.304883986712
0.304883986712
0.304883986712
0.366434007883
0.260843992233
0.260843992233
0.234579995275
0.260843992233
0.260843992233
0.260843992233
0.230055004358
0.252629011869
0.260843992233
0.304883986712
0.304883986712
0.304883986712
0.304883986712
0.260843992233
0.260843992233
0.260843992233
0.260843992233
0.260843992233
0.260843992233
0.260843992233
0.260843992233
0.260843992233
0.260843992233
0.260843992233
0.304883986712
0.304883986712
0.202544003725
0.304883986712
0.304883986712
0.304883986712
0.304883986712
0.304883986712
0.304883986712
0.210993006825
0.304883986712
0.260843992233
0.260843992233
0.260843992233
0.260843992233
0.260843992233
0.304883986712
0.304883986712
0.304883986712
0.304883986712
0.304883986712
0.304883986712
0.304883986712
0.304883986712
0.224301993847
0.260843992233
0.260843992233
0.260843992233
0.260843992233
0.260843992233
0.260843992233
0.260843992233
0.252629011869
0.304883986712
0.304883986712
0.304883986712
0.304883986712
0.304883986712
0.304883986712
0.260843992233
0.260843992233
0.260843992233
0.260843992233
0.260843992233
0.304883986712
0.304883986712
0.252629011869
0.304883986712
0.252629011869
0.304883986712
0.260843992233
0.260843992233
0.260843992233
0.252631008625
0.260843992233
0.252629011869
0.304883986712
0.304883986712
0.304883986712
0.304883986712
0.260843992233
0.260843992233
0.260843992233
0.260843992233
0.260843992233
0.260843992233
0.260843992233
0.260843992233
0.304883986712
0.304883986712
0.304883986712
0.304883986712
0.260843992233
0.260843992233
0.260843992233
0.260843992233
0.260843992233
0.260843992233
0.304883986712
0.304883986712
0.304883986712
0.304883986712
0.260843992233
0.260843992233
0.260843992233
0.260843992233
0.260843992233
0.260843992233
0.260843992233
0.252629011869
0.304883986712
0.304883986712
0.304883986712
0.260843992233
0.260843992233
0.260843992233
0.260843992233
0.253452986479
0.260843992233
0.260843992233
0.260843992233
0.260843992233
0.304883986712
0.304883986712
0.304883986712
0.304883986712
0.304883986712
0.260843992233
0.304883986712
0.304883986712
0.304883986712
0.304883986712
0.304883986712
0.304883986712
0.304883986712
0.304883986712
0.304883986712
0.304883986712
0.304883986712
0.304883986712
0.304883986712
0.304883986712
0.304883986712
0.287041008472
0.304883986712
0.304883986712
0.304883986712
0.304883986712
0.304883986712
0.304883986712
0.252629011869
0.304883986712
0.304883986712
0.304883986712
0.304883986712
0.304883986712
0.304883986712
0.304883986712
0.304883986712
0.304883986712
0.304883986712
0.304883986712
0.304883986712
0.283986985683
0.304883986712
0.304883986712
0.304883986712
0.304883986712
0.283986985683
0.283986985683
0.283986985683
0.304883986712
0.304883986712
0.304883986712
0.304883986712
0.304883986712
0.304883986712
0.304883986712
0.297401994467
0.304883986712
0.304883986712
0.283986985683
0.283986985683
0.283986985683
0.283986985683
0.283986985683
0.304883986712
0.304883986712
0.304883986712
0.304883986712
0.304883986712
0.304883986712
0.304883986712
0.252629011869
0.304883986712
0.304883986712
0.283986985683
0.283986985683
0.283986985683
0.283986985683
0.283986985683
0.283986985683
0.304883986712
0.304883986712
0.304883986712
0.304883986712
0.304883986712
0.304883986712
0.304883986712
0.304883986712
0.283986985683
0.283986985683
0.283986985683
0.283986985683
0.304883986712
0.204126998782
0.304883986712
0.304883986712
0.304883986712
0.283986985683
0.283986985683
0.283986985683
0.283986985683
0.304883986712
0.304883986712
0.304883986712
0.304883986712
0.304883986712
0.304883986712
0.304883986712
0.283986985683
0.283986985683
0.283986985683
0.283986985683
0.304883986712
0.304883986712
0.304883986712
0.304883986712
0.304883986712
0.283986985683
0.283986985683
0.283986985683
0.283986985683
0.283986985683
0.283986985683
0.304883986712
0.304883986712
0.304883986712
0.304883986712
