0.219018995762
0.219018995762
0.219018995762
0.219018995762
0.219018995762
0.219018995762
0.219018995762
0.219018995762
0.219018995762
0.219018995762
0.219018995762
0.465070992708
0.465070992708
0.465070992708
0.465070992708
0.465070992708
0.465070992708
0.465070992708
0.465070992708
0.465070992708
0.465070992708
0.465070992708
0.465070992708
0.465070992708
0.465070992708
0.465070992708
0.465070992708
0.202425003052
0.465070992708
0.465070992708
0.465070992708
0.465070992708
0.465070992708
0.465070992708
0.465070992708
0.465070992708
0.465070992708
0.465070992708
0.465070992708
0.465070992708
0.465070992708
0.465070992708
0.465070992708
0.465070992708
0.465070992708
0.465070992708
0.465070992708
0.465070992708
0.465070992708
0.465070992708
0.465070992708
0.465070992708
0.465070992708
0.465070992708
0.465070992708
0.465070992708
0.465070992708
0.465070992708
0.465070992708
0.465070992708
0.465070992708
0.465070992708
0.465070992708
0.465070992708
0.255450993776
0.255450993776
0.255450993776
0.255450993776
0.238728001714
0.255450993776
0.255450993776
0.238728001714
0.226518005133
0.238658994436
0.255450993776
0.255450993776
0.255450993776
0.255450993776
0.255450993776
0.255450993776
0.255450993776
0.255450993776
0.255450993776
0.255450993776
0.255450993776
0.255450993776
0.255450993776
0.255450993776
0.255450993776
0.255450993776
0.255450993776
0.255450993776
0.255450993776
0.255450993776
0.255450993776
0.25580701232
0.255450993776
0.25580701232
0.255450993776
0.255450993776
0.255450993776
0.217345997691
0.255450993776
0.25580701232
0.247869998217
0.25580701232
0.25580701232
0.255450993776
0.255450993776
0.255450993776
0.255450993776
0.255450993776
0.255450993776
0.255450993776
0.255450993776
0.25065600872
0.255450993776
0.255450993776
0.255450993776
0.255450993776
0.255450993776
0.255450993776
0.255450993776
0.255450993776
0.255450993776
0.255450993776
0.255450993776
0.255450993776
0.255450993776
0.255450993776
0.255450993776
0.255450993776
0.255450993776
0.255450993776
0.255450993776
0.255450993776
0.255450993776
0.255450993776
0.255450993776
0.263909012079
0.255450993776
0.255450993776
0.255450993776
0.255450993776
0.255450993776
0.255450993776
0.263909012079
0.263909012079
0.251336991787
0.255450993776
0.255450993776
0.255450993776
0.255450993776
0.255450993776
0.255450993776
0.255450993776
0.255450993776
0.255450993776
0.255450993776
0.263909012079
0.263909012079
0.251336991787
0.255450993776
0.255450993776
0.255450993776
0.255450993776
0.255450993776
0.255450993776
0.255450993776
0.255450993776
0.255450993776
0.263909012079
0.263909012079
0.251336991787
0.255450993776
0.255450993776
0.255450993776
0.255450993776
0.255450993776
0.263909012079
0.263909012079
0.251336991787
0.251336991787
0.258367985487
0.255450993776
0.255450993776
0.255450993776
0.255450993776
0.255450993776
0.255450993776
0.255450993776
0.255450993776
0.263909012079
0.263909012079
0.255450993776
0.255450993776
0.255450993776
0.255450993776
0.255450993776
0.255450993776
0.255450993776
0.255450993776
0.255450993776
0.263909012079
0.263909012079
0.251336991787
0.251336991787
0.255450993776
0.255450993776
0.255450993776
0.255450993776
0.255450993776
0.255450993776
0.255450993776
0.263909012079
0.243947997689
0.251336991787
0.255450993776
0.255450993776
0.255450993776
0.255450993776
0.255450993776
0.255450993776
0.255450993776
0.255450993776
0.255450993776
0.255450993776
0.255450993776
0.255450993776
0.255450993776
0.255450993776
0.251336991787
0.255450993776
0.255450993776
0.255450993776
0.255450993776
0.255450993776
0.255450993776
0.255450993776
0.255450993776
0.251336991787
0.251336991787
0.251336991787
0.251336991787
0.255450993776
0.255450993776
0.255450993776
0.255450993776
0.255450993776
0.255450993776
0.255450993776
0.255450993776
0.251336991787
0.255450993776
0.255450993776
0.247880995274
0.255450993776
0.255450993776
0.255450993776
0.255450993776
0.255450993776
0.251336991787
0.251336991787
0.255450993776
0.255450993776
0.255450993776
0.255450993776
0.255450993776
0.255450993776
0.255450993776
0.255450993776
0.255450993776
0.255450993776
0.265033006668
0.255450993776
0.223713994026
0.255450993776
0.255450993776
0.255450993776
0.255450993776
0.255450993776
0.255450993776
0.255450993776
0.265033006668
0.265033006668
0.251336991787
0.247861996293
0.255450993776
0.255450993776
0.255450993776
0.255450993776
0.255450993776
0.255450993776
0.255450993776
0.255450993776
0.255450993776
0.255450993776
0.255450993776
0.255450993776
0.255450993776
0.265033006668
0.251336991787
0.255450993776
0.255450993776
0.255450993776
0.255450993776
0.255450993776
0.251336991787
0.251336991787
0.255627006292
0.255450993776
0.255450993776
0.255450993776
0.255450993776
0.255450993776
0.255450993776
0.255450993776
0.232920005918
0.255450993776
0.255627006292
0.255627006292
0.251336991787
0.251336991787
0.255450993776
0.255450993776
0.255450993776
0.255450993776
0.270803004503
0.255450993776
0.255450993776
0.255450993776
0.270803004503
0.255627006292
0.251336991787
0.251336991787
0.251336991787
0.221257999539
0.255450993776
0.255450993776
0.270803004503
0.270803004503
0.270803004503
0.270803004503
0.255627006292
0.269984006882
0.221257999539
0.221257999539
0.221257999539
0.221257999539
0.221257999539
0.221257999539
0.255450993776
0.255450993776
0.255450993776
0.270803004503
0.270803004503
0.240151003003
0.270803004503
0.270803004503
0.269984006882
0.221257999539
0.235477000475
0.255450993776
0.255450993776
0.270803004503
0.270803004503
0.240151003003
0.240151003003
0.240151003003
0.240151003003
0.240151003003
0.240151003003
0.270803004503
0.235477000475
0.270803004503
0.270803004503
0.270803004503
0.270803004503
0.240151003003
0.240151003003
0.240151003003
0.240151003003
0.270803004503
0.235477000475
0.235477000475
0.235477000475
0.270803004503
0.270803004503
0.270803004503
0.270803004503
0.255192011595
0.240151003003
0.270803004503
0.235477000475
0.235477000475
0.270803004503
0.270803004503
0.270803004503
0.240151003003
0.215314000845
0.240151003003
0.240151003003
0.270803004503
0.235477000475
0.235477000475
0.235477000475
0.235477000475
0.270803004503
0.270803004503
0.270803004503
0.240151003003
0.240151003003
0.217300996184
0.270803004503
0.235477000475
0.270803004503
0.270803004503
0.270803004503
0.240151003003
0.240151003003
0.240151003003
0.240151003003
0.270803004503
0.270803004503
0.270803004503
0.270803004503
0.270803004503
0.270803004503
0.270803004503
0.270803004503
0.270803004503
0.240151003003
0.240151003003
0.240151003003
0.270803004503
0.270803004503
0.270803004503
0.270803004503
0.270803004503
0.270803004503
0.206064999104
0.270803004503
0.270803004503
0.270803004503
0.270803004503
0.270803004503
0.270803004503
0.270803004503
0.270803004503
0.270803004503
0.255450993776
0.270803004503
0.270803004503
0.270803004503
0.270803004503
0.270803004503
0.270803004503
0.270803004503
0.206172004342
0.270803004503
0.270803004503
0.270803004503
0.270803004503
0.270803004503
0.270803004503
0.270803004503
0.270803004503
0.270803004503
0.270803004503
0.270803004503
0.270803004503
0.250423997641
0.270803004503
0.270803004503
0.208222001791
0.270803004503
0.270803004503
0.270803004503
0.270803004503
0.270803004503
0.208222001791
0.208222001791
0.208222001791
0.270803004503
0.270803004503
0.270803004503
0.270803004503
0.270803004503
0.270803004503
0.208222001791
0.208222001791
0.270803004503
0.270803004503
0.208222001791
0.208222001791
0.208222001791
0.208222001791
0.208222001791
0.270803004503
0.270803004503
0.270803004503
0.270803004503
0.248699992895
0.270803004503
0.270803004503
0.208222001791
0.208222001791
0.208222001791
0.270803004503
0.270803004503
0.270803004503
0.270803004503
0.270803004503
0.270803004503
0.270803004503
0.270803004503
0.270803004503
0.208222001791
0.208222001791
0.270803004503
0.270803004503
0.248234003782
0.270803004503
0.270803004503
0.270803004503
0.270803004503
0.208222001791
0.208222001791
0.208222001791
0.270803004503
0.270803004503
0.270803004503
0.270803004503
0.270803004503
0.270803004503
0.21857200563
0.270803004503
0.270803004503
0.208222001791
0.208222001791
0.208222001791
0.208222001791
0.208222001791
0.270803004503
0.270803004503
0.270803004503
0.270803004503
0.270803004503
0.270803004503
0.270803004503
0.270803004503
0.270803004503
0.208222001791
0.208222001791
0.208222001791
0.208222001791
0.270803004503
0.270803004503
0.270803004503
0.243659004569
0.270803004503
0.208370000124
0.270803004503
0.270803004503
0.270803004503
0.270803004503
0.208222001791
0.208222001791
0.208222001791
0.270803004503
0.270803004503
0.270803004503
0.270803004503
0.208222001791
0.208222001791
0.208222001791
0.270803004503
0.227999001741
0.208222001791
0.208222001791
0.208222001791
0.208222001791
0.270803004503
0.24509100616
0.20823700726
0.208222001791
0.208222001791
0.270803004503
0.227999001741
0.208222001791
0.270803004503
0.270803004503
0.270803004503
0.208222001791
0.208222001791
0.270803004503
0.227999001741
0.227999001741
0.227999001741
0.208222001791
0.270803004503
0.270803004503
0.270803004503
0.270803004503
0.270803004503
0.255840986967
0.208222001791
0.208222001791
0.208222001791
0.270803004503
0.227999001741
0.208222001791
0.270803004503
0.270803004503
0.270803004503
0.270803004503
0.208222001791
0.208222001791
0.208222001791
0.208222001791
0.270803004503
0.227999001741
0.227999001741
0.208222001791
0.208222001791
0.208222001791
