0.209067005664
0.209067005664
0.209067005664
0.209067005664
0.209067005664
0.209067005664
0.209067005664
0.209067005664
0.209067005664
0.209067005664
0.209067005664
0.209067005664
0.209067005664
0.209067005664
0.209067005664
0.209067005664
0.209067005664
0.209067005664
0.209067005664
0.209067005664
0.209067005664
0.209067005664
0.209067005664
0.209067005664
0.209067005664
0.209067005664
0.209067005664
0.209067005664
0.209067005664
0.209067497402
0.209067005664
0.209067005664
0.209067497402
0.209067497402
0.236947992817
0.209067497402
0.209067497402
0.209067497402
0.318097490817
0.209067497402
0.209067497402
0.209067497402
0.318097490817
0.318097490817
0.209067005664
0.318097490817
0.204978499562
0.318097490817
0.318097490817
0.318097490817
0.318097490817
0.318097490817
0.318097490817
0.318097490817
0.318097490817
0.318097490817
0.318097490817
0.318097490817
0.318097490817
0.318097490817
0.318097490817
0.318097490817
0.318097490817
0.318097490817
0.318097490817
0.318097490817
0.318097490817
0.318097490817
0.318097490817
0.318097490817
0.318097490817
0.318097490817
0.318097490817
0.318097490817
0.318097490817
0.318097490817
0.318097490817
0.318097490817
0.318097490817
0.318097490817
0.318097490817
0.318097490817
0.318097490817
0.318097490817
0.318097490817
0.318097490817
0.318097490817
0.318097490817
0.318097490817
0.318097490817
0.318097490817
0.318097490817
0.318097490817
0.318097490817
0.318097490817
0.318097490817
0.318097490817
0.318097490817
0.318097490817
0.318097490817
0.318097490817
0.318097490817
0.318097490817
0.318097490817
0.318097490817
0.318097490817
0.318097490817
0.318097490817
0.318097490817
0.318097490817
0.318097490817
0.318097490817
0.318097490817
0.318097490817
0.318097490817
0.318097490817
0.318097490817
0.318097490817
0.41203299351
0.318097490817
0.318097490817
0.318097490817
0.41203299351
0.318097490817
0.318097490817
0.318097490817
0.41203299351
0.41203299351
0.41203299351
0.41203299351
0.41203299351
0.41203299351
0.41203299351
0.41203299351
0.41203299351
0.318097490817
0.41203299351
0.41203299351
0.41203299351
0.41203299351
0.41203299351
0.41203299351
0.41203299351
0.41203299351
0.41203299351
0.41203299351
0.41203299351
0.41203299351
0.41203299351
0.235669501126
0.41203299351
0.41203299351
0.41203299351
0.41203299351
0.41203299351
0.41203299351
0.41203299351
0.41203299351
0.41203299351
0.41203299351
0.41203299351
0.41203299351
0.41203299351
0.41203299351
0.41203299351
0.41203299351
0.41203299351
0.41203299351
0.41203299351
0.41203299351
0.41203299351
0.41203299351
0.41203299351
0.285717010498
0.41203299351
0.41203299351
0.41203299351
0.263039007783
0.32205549255
0.41203299351
0.41203299351
0.41203299351
0.41203299351
0.41203299351
0.41203299351
0.41203299351
0.41203299351
0.41203299351
0.41203299351
0.41203299351
0.41203299351
0.41203299351
0.41203299351
0.41203299351
0.41203299351
0.41203299351
0.41203299351
0.41203299351
0.41203299351
0.41203299351
0.41203299351
0.41203299351
0.41203299351
0.41203299351
0.41203299351
0.41203299351
0.215032625012
0.215032625012
0.215032625012
0.215032625012
0.215032625012
0.215032625012
0.215032625012
0.215032625012
0.215032625012
0.215032625012
0.215032625012
0.215032625012
0.215032625012
0.215032625012
0.215032625012
0.215032625012
0.215032625012
0.215032625012
0.215032625012
0.215032625012
0.215032625012
0.215032625012
0.215032625012
0.215032625012
0.215032625012
0.215032625012
0.215032625012
0.215032625012
0.215032625012
0.215032625012
0.215032625012
0.215032625012
0.215032625012
0.215032625012
0.215032625012
0.215032625012
0.215032625012
0.215032625012
0.215032625012
0.215032625012
0.215032625012
0.215032625012
0.215032625012
0.215032625012
0.215032625012
0.215032625012
0.215032625012
0.215032625012
0.215032625012
0.215032625012
0.215032625012
0.215032625012
0.215032625012
0.215032625012
0.215032625012
0.215032625012
0.215032625012
0.215032625012
0.215032625012
0.215032625012
0.215032625012
0.215032625012
0.215032625012
0.215032625012
0.215032625012
0.215032625012
0.215032625012
0.215032625012
0.215032625012
0.215032625012
0.215032625012
0.215032625012
0.215032625012
0.215032625012
0.215032625012
0.215032625012
0.215032625012
0.215032625012
0.215032625012
0.215032625012
0.215032625012
0.215032625012
0.215032625012
0.215032625012
0.215032625012
0.215032625012
0.215032625012
0.215032625012
0.215032625012
0.215032625012
0.215032625012
0.215032625012
0.215032625012
0.215032625012
0.215032625012
0.215032625012
0.215032625012
0.215032625012
0.215032625012
0.215032625012
0.215032625012
0.215032625012
0.215032625012
